-7.977080608446702E-23 2.410478560431279E-22 -31.417376561884748 94.93562412698967 1.98892E36 0.0 
1.48236593230284128E17 -1.15473900824720368E17 -45990.661516470514 2149.147261347736 5.838197563362931E30 1.0 
1.9830753442309624E16 6.774138974904784E15 -2834211.2039986867 -1052125.813584672 8.023673693009321E29 2.0 
9.8500715098339536E16 -4.3570320452179275E15 -134759.53221895138 42645.059314612074 1.76882738588902E31 3.0 
-1.84901293935283168E17 -3.781286236712352E17 19240.75150463863 -1066.2314560782627 7.519723239121146E29 4.0 
9.2207269998898448E16 -8.9476372937192352E16 -80088.16645220424 32943.45644072087 1.7586025843574499E31 5.0 
8.7952236561187072E16 3.1068386042684408E16 -131307.0203896844 -86394.20712019688 1.7102509807129922E30 6.0 
1.32819348839561072E17 1.2219322027825216E17 -48350.519505347445 -7643.686951306858 3.0968668815412434E30 7.0 
1.2182232066089784E17 -1.2089308245896E16 -91431.73899885171 -24012.91403455022 1.9362942078780281E31 8.0 
-1.51190460052261056E17 1.57764567343706112E17 1448.9022410930618 -37125.12504112772 1.23931126501304E31 9.0 
3.2423792430257722E17 -1.3083459591202514E16 -13414.672836655234 -19694.35255051692 8.206328222341536E30 10.0 
-1.21161625372161504E17 1.05569175116990784E17 19876.363339534135 -55438.51965879473 9.941139689589899E30 11.0 
-7.2990226613410928E16 1.024569056204224E16 247834.98818963784 8050.49800770756 4.6218806975044444E30 12.0 
3.3157240809170963E17 -1.25097453770319648E17 -3060.863745511396 21835.18799866125 8.081833626560886E30 13.0 
3.480378752469341E15 -8.619089430388269E15 -5640738.792751229 1.4288269607428309E7 1.4509055846284792E30 14.0 
4.2652735431094246E17 4.7507714559287512E16 -9111.776816476739 16675.16641742426 2.4835425996748412E30 15.0 
2.5173523363052816E16 1.3364853865465182E16 -1475084.8109652097 -705872.0296099766 1.2291811918807843E31 16.0 
4.9815846581501992E16 1.57430595682645536E17 -41718.17444624809 -37862.98203048723 4.7920121224585416E30 17.0 
4.144758738101464E16 -3.4967476915234694E17 18015.4099326209 12920.27432626637 1.1590694301140537E31 18.0 
-1.8492209723132192E16 -2.44393813313979392E17 -21530.75641581068 23792.916259389578 1.8891067650789336E31 19.0 
7.295495398255927E15 4.7218659376491248E16 -142055.49199022568 -566637.2902281563 9.590753734042681E30 20.0 
5.841471060137398E15 2.9020946502896164E16 -364488.1281673052 -1471505.4875354099 5.870756133678438E30 21.0 
5.2954812501170864E16 3.4128860236350032E16 -305987.7635646628 -142784.2816279124 1.6691608065579896E31 22.0 
1.99209891407899456E17 -1.8078091941532448E17 1337.1822385556688 28775.14322540974 7.222280815634372E30 23.0 
5.1014854545325224E16 -1.23300103038085136E17 -57639.21815808129 56836.23503778128 3.756794672442361E30 24.0 
2.943455200925654E16 1.95385046429531072E17 20555.945968215132 -37485.2636080107 1.9062419342264022E31 25.0 
1.06076771439377376E17 -1.676952982555112E16 -119154.09937568379 -16682.570094488845 1.0597234133310698E31 26.0 
4.3307411964661773E17 -1.41829386218402192E17 -11387.095466827912 -14224.221187452193 1.8777422912730953E31 27.0 
1.10157190464239136E17 -2.6748175775946768E17 -25843.760537501978 6515.356428842726 1.745222733691156E31 28.0 
-3.1321492852146804E16 -4.1112546176857976E16 341395.48397962237 364517.09637817834 6.098138986363317E30 29.0 
-1.846647002954896E16 3.8938330293353672E16 256260.48600388915 -669538.2306102877 6.510784238583585E29 30.0 
-2.6596996863365952E17 -9.136142513542932E15 19503.204064530117 -21667.82904708891 1.2191468961532175E31 31.0 
-5.4011078686183648E16 -5.781256458732488E16 174691.79490295128 126983.38996478703 1.7490552114316193E31 32.0 
-1.11738297758230816E17 5.4323675804781376E16 91619.52352366303 -8205.055002901434 1.039344897882069E31 33.0 
5.0689146000115632E16 -3.44524723030012E16 -318268.11226597085 160183.20578639914 1.1819527600955203E30 34.0 
2.07952921367591328E17 9.234521480717328E15 -31732.55881562883 23853.91513799953 9.863329135865217E30 35.0 
-4.6759517318772128E16 -7.7644116442378496E16 50613.37219988204 158172.20475743743 5.399435637209647E30 36.0 
1.92824534332394304E17 5.4068046595146221E17 -15672.39425232393 1311.092230427822 1.1299075007669785E31 37.0 
-1.26072980295282528E17 6.1549602898898701E17 14910.56306128681 -379.5638396197446 1.2610634014749056E31 38.0 
-5.543799528747736E16 8.0745661667008864E16 108659.55140001308 -93237.66407425023 1.412584903350405E31 39.0 
-8.7477857019499536E16 -1.19377783813008576E17 59974.12076216824 31189.292866967633 1.0412089309364266E31 40.0 
-2.7379534006582548E16 2.530651359048278E16 660730.4405596892 -691875.9412434719 1.4810271387506108E31 41.0 
-3.0861928815309896E16 -7.7500551181152176E16 33492.939293986026 191966.4203450416 1.6222215360990774E31 42.0 
7.404639789415232E16 2.5532496677479172E16 -191153.99711905088 -109444.98550567777 5.716965072746016E30 43.0 
-5.3448287359947496E16 -1.35991663459976048E17 -5304.06125021229 68886.95426844932 2.962200616465762E29 44.0 
-1.73543121073821216E17 2.361014770340509E15 44437.01739890643 27044.667904260656 1.421392132664989E31 45.0 
7.69139474998103E15 1.5538108518373866E16 -2037162.2213988462 -3918245.214612988 1.19487677024144E31 46.0 
5.1738165270690304E16 2.7835926409391496E16 -361095.98738406703 -140097.51924288407 1.111309511788939E31 47.0 
1.7351773885663424E17 2.6974938312639888E16 -38318.11423322451 -33788.585971174456 7.08330647972916E30 48.0 
7.375861866279152E16 -3.269917540960496E17 16802.827297845328 15903.487404216581 1.6688737669296822E30 49.0 
3.5619498206569594E17 -8.2853601001282816E16 -13985.668030020917 -16303.102656171006 1.364231428558616E30 50.0 
-1.65113572363250592E17 -8.1732052854541936E16 23147.52487124608 41401.39956125621 1.0486355210612934E31 51.0 
-6.8816508230941824E17 -2.84071784538973728E17 7307.982766981478 -11424.460530207914 1.9013075357432242E31 52.0 
-5.61366393318042E15 1.34673313823594816E17 -28296.74055823701 -74320.99198537164 1.5250888833399169E31 53.0 
-5.6677415611855059E17 2.83723239069391776E17 9431.618095551761 11457.182964925229 8.070284465874355E30 54.0 
-2.40280828267525792E17 4.4515721644496019E17 -11785.86798276349 -12257.77218557205 9.019394448512051E29 55.0 
-7.854204978784283E15 -2.84078099055788896E17 22051.31756251287 15842.227795861312 2.4546743512201784E30 56.0 
1.04440606146215696E17 3.811571267854732E16 -112733.35492299589 -4385.829239044197 1.4494470730701933E30 57.0 
1.5738517056903212E15 5.83376701957806E16 37191.43330294652 -390988.5651811245 1.6737070019394528E31 58.0 
-1.5330366043677424E17 -8.712280517202151E15 57861.031618844514 -26141.95818350105 7.454778241323471E28 59.0 
-3.5161784777543501E17 8.983063561117284E14 10789.31679003308 19396.64772699438 3.7191770813391406E30 60.0 
2.9765249398142544E16 3.275192521198505E17 18888.86555422588 -14046.19239681419 1.516118270407058E31 61.0 
-7.0608499079628496E16 -1.76276473483221952E17 38226.88593088004 24348.5610857475 1.5159306350692544E31 62.0 
2.2562098951713836E16 5.9296867195827328E16 -74578.03607335188 -324491.13327118516 4.3595042637276234E30 63.0 
-1.37943002350092496E17 7.9100667231597088E16 31181.570298189497 -51170.43672550479 1.2892519225133053E31 64.0 
-4.2758819633257446E17 8.01045130768676E16 3680.2207216300058 -18456.840035545385 4.3930265576549477E30 65.0 
1.12576087891958976E17 -8.7372662188629606E17 -12389.482772252075 128.74200067089535 7.112063048180606E30 66.0 
-1.02611278246159968E17 -7.09020758457946E16 51665.92387032686 75337.88398531947 5.651187477601646E30 67.0 
-8.7418761529812E16 1.0773856688190138E16 165071.76995829708 -59446.17556341845 5.329317944625633E30 68.0 
-2.05156366760398432E17 -1.299081225018092E16 29751.47346625019 27342.822445751666 8.021269825530164E30 69.0 
-9.1531685025922672E16 -2.71798764168427552E17 25536.638286654685 8434.1591157105 1.5581664034680242E30 70.0 
-1.02512602079605158E18 2.2113475816396356E16 1508.046082597154 11344.580054919561 6.163386831845534E30 71.0 
-9.2184395234952368E16 -1.6994353398282308E16 141743.59238059615 64386.3654300474 4.109105280818613E30 72.0 
-2.460402887497681E15 7.944324669405174E15 5556208.657040279 -1.8367117630254332E7 5.623103795451827E30 73.0 
-1.6448472699523588E16 1.649001812731644E14 4903938.884925196 -138932.97000031066 1.8973165224366264E31 74.0 
3.3501730748658042E17 1.39503218868938736E17 -1957.759562959494 -21527.808464816928 5.124778699634203E30 75.0 
1.5664706875379388E16 -1.3674910712325488E17 -38815.35284641862 66077.46545137385 1.8041309227702147E31 76.0 
-1.1416866031414464E16 2.6714611719930748E16 680115.317037273 -1419390.9452117144 4.5891484306765805E30 77.0 
6.522853014433088E16 -8.5145949069819808E16 -98065.04101668154 70204.79882746287 8.657302223671809E30 78.0 
-1.2100778796567436E16 3.7859472656622744E16 200793.9927073124 -817866.1957112382 8.124356441134832E30 79.0 
2.30878237125703488E17 2.3646962278364496E13 -24918.199654062228 -23970.80734195894 6.375803466714943E30 80.0 
-2.2959782761337132E16 -3.8703422810800856E16 381020.55349016 535953.9730014942 5.794485889186349E29 81.0 
5.2874511845035475E17 3.2188978434817677E17 4652.568867866339 -14306.326865737947 1.7575733081295063E31 82.0 
4.4489657089395976E16 3.728558490042936E15 -668063.2565772139 -1288.1182223362098 9.405047442424705E30 83.0 
-1.2211558132290045E15 1.18198079863601104E17 34472.029408705406 -94622.10129421772 6.55606887697074E30 84.0 
-5.3187970724504755E17 5.4235104278460826E17 -7823.963229657038 -10895.907407475694 1.738600664238968E30 85.0 
-3.6027715910986888E16 2.75701608683655136E17 23896.455723285555 -14196.465164616182 2.588360137832324E30 86.0 
-2.45809538980212224E17 5.942898921020448E16 25560.619230899727 17381.710738434667 1.761300440227224E31 87.0 
4.2691916508731715E15 4.6882759173721008E16 -106512.98785239943 -591476.0805794696 1.636074085723314E31 88.0 
-2.923599292561385E15 2.800837735878888E17 21938.976774368686 -16693.026101593216 1.8012460541300184E31 89.0 
1.75144988757501664E17 -1.0653160195937074E16 -41370.05136085378 30064.34937819057 1.3401086214433597E31 90.0 
6.1764898054644192E16 -3.2567265636510608E16 -220475.61640458537 165553.5387261745 1.924589778086614E31 91.0 
1.77836238204074176E17 -5.495210469905424E16 -28731.218151782716 36827.30992551475 1.620134879306782E31 92.0 
-5.3471600536688378E17 -1.62399655104842208E17 8545.388725084626 -13506.367419938299 1.7539698796306511E31 93.0 
1.64214785334354752E17 1.0643149753191154E16 -47072.998885151086 -31513.053208648333 1.5558302627045296E30 94.0 
5.6684268156737424E16 -5.441907063301881E15 -402828.74799349933 87180.50840479467 1.7317206355251378E31 95.0 
-6.2816758084933456E16 -2.5721205591175896E16 283340.53069347027 68239.09090232852 5.915813164837215E30 96.0 
4.8566361746667312E16 4.1939491866439238E17 16751.3156199223 -9439.599376537237 4.309875201683531E30 97.0 
-5.1931323571980838E17 -2.7718775217463152E16 5753.667467936934 -15687.716505836597 1.903451836503408E31 98.0 
3.0066846266443379E17 7.9475134440630768E16 -7993.655273175204 -23477.026548235564 1.0772567639405613E31 99.0 
