-6.569830069736128E-22 2.254827723603781E-22 -258.74983014454625 88.80538526792157 1.98892E36 0.0 
1.48236593230284128E17 -1.15473900824720368E17 -45993.33714603828 2076.3005872465524 5.838197563362931E30 1.0 
1.9830753442309624E16 6.774138974904784E15 -2834215.9893183387 -1052133.3368420743 8.023673693009321E29 2.0 
9.8500715098339536E16 -4.3570320452179275E15 -134742.2212593298 42651.59062312559 1.76882738588902E31 3.0 
-1.84901293935283168E17 -3.781286236712352E17 19242.039539073732 -1065.1745404571282 7.519723239121146E29 4.0 
9.2207269998898448E16 -8.9476372937192352E16 -80087.20354443125 32942.34743378363 1.7586025843574499E31 5.0 
8.7952236561187072E16 3.1068386042684408E16 -131304.13446111055 -86399.26693234977 1.7102509807129922E30 6.0 
1.32819348839561072E17 1.2219322027825216E17 -48349.592032068904 -7646.319854515994 3.0968668815412434E30 7.0 
1.2182232066089784E17 -1.2089308245896E16 -91438.17049945063 -23970.219631121898 1.9362942078780281E31 8.0 
-1.51190460052261056E17 1.57764567343706112E17 1447.9690777115372 -37125.52749269348 1.23931126501304E31 9.0 
3.2423792430257722E17 -1.3083459591202514E16 -13415.98369673523 -19693.927402379337 8.206328222341536E30 10.0 
-1.21161625372161504E17 1.05569175116990784E17 19884.345798011815 -55439.47142453796 9.941139689589899E30 11.0 
-7.2990226613410928E16 1.024569056204224E16 247865.37775087985 8088.578956740488 4.6218806975044444E30 12.0 
3.3157240809170963E17 -1.25097453770319648E17 -3062.4615606419957 21835.661679962333 8.081833626560886E30 13.0 
3.480378752469341E15 -8.619089430388269E15 -5640748.037282406 1.4288276126139069E7 1.4509055846284792E30 14.0 
4.2652735431094246E17 4.7507714559287512E16 -9114.316861565892 16681.302023860408 2.4835425996748412E30 15.0 
2.5173523363052816E16 1.3364853865465182E16 -1475088.4360229562 -705877.9851109503 1.2291811918807843E31 16.0 
4.9815846581501992E16 1.57430595682645536E17 -41724.08548987217 -37863.189148775215 4.7920121224585416E30 17.0 
4.144758738101464E16 -3.4967476915234694E17 18014.633063833684 12922.629566093985 1.1590694301140537E31 18.0 
-1.8492209723132192E16 -2.44393813313979392E17 -21527.645825929863 23802.533709983367 1.8891067650789336E31 19.0 
7.295495398255927E15 4.7218659376491248E16 -142057.77593949548 -566640.4378627536 9.590753734042681E30 20.0 
5.841471060137398E15 2.9020946502896164E16 -364491.37261664314 -1471511.0645613598 5.870756133678438E30 21.0 
5.2954812501170864E16 3.4128860236350032E16 -305988.6808953705 -142787.16022769976 1.6691608065579896E31 22.0 
1.99209891407899456E17 -1.8078091941532448E17 1331.7903795848915 28779.197863606354 7.222280815634372E30 23.0 
5.1014854545325224E16 -1.23300103038085136E17 -57637.48041847351 56835.60282375022 3.756794672442361E30 24.0 
2.943455200925654E16 1.95385046429531072E17 20548.223675227677 -37491.76340185475 1.9062419342264022E31 25.0 
1.06076771439377376E17 -1.676952982555112E16 -119146.10506840314 -16668.55877252471 1.0597234133310698E31 26.0 
4.3307411964661773E17 -1.41829386218402192E17 -11388.060227448945 -14223.814524432262 1.8777422912730953E31 27.0 
1.10157190464239136E17 -2.6748175775946768E17 -25844.277580622977 6515.455996643769 1.745222733691156E31 28.0 
-3.1321492852146804E16 -4.1112546176857976E16 341398.3407454944 364522.0940958347 6.098138986363317E30 29.0 
-1.846647002954896E16 3.8938330293353672E16 256256.86093541313 -669542.9968458528 6.510784238583585E29 30.0 
-2.6596996863365952E17 -9.136142513542932E15 19505.528733306266 -21667.436162953185 1.2191468961532175E31 31.0 
-5.4011078686183648E16 -5.781256458732488E16 174693.33137493685 126986.94863475148 1.7490552114316193E31 32.0 
-1.11738297758230816E17 5.4323675804781376E16 91620.02955483379 -8215.042422542307 1.039344897882069E31 33.0 
5.0689146000115632E16 -3.44524723030012E16 -318281.971109724 160186.22986818475 1.1819527600955203E30 34.0 
2.07952921367591328E17 9.234521480717328E15 -31735.729630109487 23854.364972232026 9.863329135865217E30 35.0 
-4.6759517318772128E16 -7.7644116442378496E16 50614.94784943781 158174.83588644172 5.399435637209647E30 36.0 
1.92824534332394304E17 5.4068046595146221E17 -15672.661127255842 1310.4442309133092 1.1299075007669785E31 37.0 
-1.26072980295282528E17 6.1549602898898701E17 14910.683137194208 -380.14360100729334 1.2610634014749056E31 38.0 
-5.543799528747736E16 8.0745661667008864E16 108657.28998178226 -93238.91131602807 1.412584903350405E31 39.0 
-8.7477857019499536E16 -1.19377783813008576E17 59975.78915070081 31190.741949740277 1.0412089309364266E31 40.0 
-2.7379534006582548E16 2.530651359048278E16 660725.3544480324 -691881.5023634955 1.4810271387506108E31 41.0 
-3.0861928815309896E16 -7.7500551181152176E16 33494.72581357333 191969.23488200895 1.6222215360990774E31 42.0 
7.404639789415232E16 2.5532496677479172E16 -191152.62355786082 -109448.29305296471 5.716965072746016E30 43.0 
-5.3448287359947496E16 -1.35991663459976048E17 -5301.821623929307 68887.13215255582 2.962200616465762E29 44.0 
-1.73543121073821216E17 2.361014770340509E15 44457.79628508096 27027.442950092314 1.421392132664989E31 45.0 
7.69139474998103E15 1.5538108518373866E16 -2037168.1840620553 -3918254.0689800708 1.19487677024144E31 46.0 
5.1738165270690304E16 2.7835926409391496E16 -361097.08679010795 -140100.60792425054 1.111309511788939E31 47.0 
1.7351773885663424E17 2.6974938312639888E16 -38322.21109565775 -33788.68060415098 7.08330647972916E30 48.0 
7.375861866279152E16 -3.269917540960496E17 16804.155138112877 15906.041699744206 1.6688737669296822E30 49.0 
3.5619498206569594E17 -8.2853601001282816E16 -13987.01202608505 -16302.649291587131 1.364231428558616E30 50.0 
-1.65113572363250592E17 -8.1732052854541936E16 23149.618056340245 41405.27312551747 1.0486355210612934E31 51.0 
-6.8816508230941824E17 -2.84071784538973728E17 7308.352874320063 -11424.292614343329 1.9013075357432242E31 52.0 
-5.61366393318042E15 1.34673313823594816E17 -28297.67660336177 -74313.26539422417 1.5250888833399169E31 53.0 
-5.6677415611855059E17 2.83723239069391776E17 9432.122382580339 11456.907886730547 8.070284465874355E30 54.0 
-2.40280828267525792E17 4.4515721644496019E17 -11785.401725874659 -12258.613050141415 9.019394448512051E29 55.0 
-7.854204978784283E15 -2.84078099055788896E17 22049.549252977908 15843.491756570269 2.4546743512201784E30 56.0 
1.04440606146215696E17 3.811571267854732E16 -112731.40163881067 -4393.562898777941 1.4494470730701933E30 57.0 
1.5738517056903212E15 5.83376701957806E16 37189.27711649636 -390990.96440376015 1.6737070019394528E31 58.0 
-1.5330366043677424E17 -8.712280517202151E15 57716.94684552052 -26290.677344342625 7.454778241323471E28 59.0 
-3.5161784777543501E17 8.983063561117284E14 10788.9651167135 19396.01935595132 3.7191770813391406E30 60.0 
2.9765249398142544E16 3.275192521198505E17 18891.367082632234 -14046.130207745726 1.516118270407058E31 61.0 
-7.0608499079628496E16 -1.76276473483221952E17 38230.399727378994 24348.530493271257 1.5159306350692544E31 62.0 
2.2562098951713836E16 5.9296867195827328E16 -74579.79081285493 -324493.1860890327 4.3595042637276234E30 63.0 
-1.37943002350092496E17 7.9100667231597088E16 31185.772353071174 -51172.660217015604 1.2892519225133053E31 64.0 
-4.2758819633257446E17 8.01045130768676E16 3681.342063570022 -18457.758993221207 4.3930265576549477E30 65.0 
1.12576087891958976E17 -8.7372662188629606E17 -12389.525964465964 129.0506705179715 7.112063048180606E30 66.0 
-1.02611278246159968E17 -7.09020758457946E16 51666.713544474784 75341.32260816498 5.651187477601646E30 67.0 
-8.7418761529812E16 1.0773856688190138E16 165081.71671102857 -59437.71694579054 5.329317944625633E30 68.0 
-2.05156366760398432E17 -1.299081225018092E16 29759.54683302748 27343.63267950263 8.021269825530164E30 69.0 
-9.1531685025922672E16 -2.71798764168427552E17 25539.954831007177 8433.326989070492 1.5581664034680242E30 70.0 
-1.02512602079605158E18 2.2113475816396356E16 1508.255238193952 11344.574810033873 6.163386831845534E30 71.0 
-9.2184395234952368E16 -1.6994353398282308E16 141744.55996687175 64392.71676576881 4.109105280818613E30 72.0 
-2.460402887497681E15 7.944324669405174E15 5556196.872480108 -1.836714837846423E7 5.623103795451827E30 73.0 
-1.6448472699523588E16 1.649001812731644E14 4904410.821533496 -139317.45945996276 1.8973165224366264E31 74.0 
3.3501730748658042E17 1.39503218868938736E17 -1958.0454470188254 -21529.066726588655 5.124778699634203E30 75.0 
1.5664706875379388E16 -1.3674910712325488E17 -38814.44918460468 66076.17526792506 1.8041309227702147E31 76.0 
-1.1416866031414464E16 2.6714611719930748E16 680112.2434749408 -1419398.259778316 4.5891484306765805E30 77.0 
6.522853014433088E16 -8.5145949069819808E16 -98065.09009560013 70205.81729926214 8.657302223671809E30 78.0 
-1.2100778796567436E16 3.7859472656622744E16 200790.85164232325 -817870.9716537155 8.124356441134832E30 79.0 
2.30878237125703488E17 2.3646962278364496E13 -24920.8866131272 -23970.537187275262 6.375803466714943E30 80.0 
-2.2959782761337132E16 -3.8703422810800856E16 381024.3176806146 535959.5389578717 5.794485889186349E29 81.0 
5.2874511845035475E17 3.2188978434817677E17 4652.068287176517 -14306.733996850244 1.7575733081295063E31 82.0 
4.4489657089395976E16 3.728558490042936E15 -668067.0476160337 -1293.4947191409083 9.405047442424705E30 83.0 
-1.2211558132290045E15 1.18198079863601104E17 34470.00786975243 -94619.01385011352 6.55606887697074E30 84.0 
-5.3187970724504755E17 5.4235104278460826E17 -7823.695566328915 -10896.183696314234 1.738600664238968E30 85.0 
-3.6027715910986888E16 2.75701608683655136E17 23896.9518916576 -14246.86785411948 2.588360137832324E30 86.0 
-2.45809538980212224E17 5.942898921020448E16 25563.356610602117 17381.631899092354 1.761300440227224E31 87.0 
4.2691916508731715E15 4.6882759173721008E16 -106515.34952776875 -591479.342634978 1.636074085723314E31 88.0 
-2.923599292561385E15 2.800837735878888E17 21933.20267363158 -16698.48258590165 1.8012460541300184E31 89.0 
1.75144988757501664E17 -1.0653160195937074E16 -41375.01433143017 30064.856814562416 1.3401086214433597E31 90.0 
6.1764898054644192E16 -3.2567265636510608E16 -220481.7837819789 165554.9151330637 1.924589778086614E31 91.0 
1.77836238204074176E17 -5.495210469905424E16 -28734.76221486989 36826.21378196428 1.620134879306782E31 92.0 
-5.3471600536688378E17 -1.62399655104842208E17 8546.15457344824 -13505.966590296604 1.7539698796306511E31 93.0 
1.64214785334354752E17 1.0643149753191154E16 -47079.86044867832 -31513.666339395266 1.5558302627045296E30 94.0 
5.6684268156737424E16 -5.441907063301881E15 -402832.51882246276 87177.20791592204 1.7317206355251378E31 95.0 
-6.2816758084933456E16 -2.5721205591175896E16 283341.8523948206 68245.60263429338 5.915813164837215E30 96.0 
4.8566361746667312E16 4.1939491866439238E17 16751.13168073613 -9441.830887769385 4.309875201683531E30 97.0 
-5.1931323571980838E17 -2.7718775217463152E16 5755.322460216086 -15687.655712935175 1.903451836503408E31 98.0 
3.0066846266443379E17 7.9475134440630768E16 -7994.931787296603 -23477.304857555693 1.0772567639405613E31 99.0 
-8.0677051716243024E16 -3.3635603176933229E17 -16439.684170108954 15365.80880433018 2.592730776803098E30 100.0 
4.161918198735863E17 8.95869219429728E16 -3448.901390159676 -18800.292866123844 1.8188146247962408E31 101.0 
-6.392961680536364E16 1.60249983706266592E17 42283.74703578216 -31149.783110631335 1.2265623610613062E31 102.0 
-9.2741931859829136E16 1.06216296925736208E17 20800.38606933136 -70469.09530450196 7.307948050948122E30 103.0 
1.44270722968835072E17 -1.55052792737238976E17 -38476.9949450512 4642.820572866062 5.104650876428234E30 104.0 
2.5025521600480004E16 -3.0650575225481832E16 -491239.20289645443 693248.9228940458 1.4354357465291428E31 105.0 
-2.01043332953545632E17 1.72232494263199264E17 -172.35750301989538 -29328.362540138005 1.8810318946723211E31 106.0 
-9.789804187276398E15 -2.12888744719423904E17 -23578.182051567474 30345.809024489205 1.3322884131171661E31 107.0 
1.20110188948892592E17 3.8631636622673235E15 -92960.93744642197 30185.032257498082 1.6897839048255842E31 108.0 
-6.7357632698673968E16 2.12895770426386944E17 -15202.547450302918 -32740.779977275804 5.52072785092789E30 109.0 
-1.20202563139775904E17 2.9240606129869916E16 92025.1595893261 11325.376036653171 1.0003303056997063E31 110.0 
2.810093882240026E15 1.69172193393792288E17 -28765.289410645197 -45904.229311224735 1.6471361376760516E31 111.0 
1.61838441593289696E17 -1.36950910166550784E17 -38734.78269865917 1.5593659077520101 1.2954232817329871E31 112.0 
-6.3544643993186488E16 2.1351533441020024E16 294141.02076350286 -51914.991725694075 1.5509204909733113E31 113.0 
-5.2375392821414984E16 -3.2686046422747539E17 -17848.738353094355 15133.718161058021 1.920446716846364E31 114.0 
1.23026326464534016E17 -3.1500902462362502E17 14222.010498548778 18025.262696741647 1.0088421501595525E31 115.0 
-4.1706567630738214E17 -2.8332722608510648E16 8788.22992177465 -17257.88382996529 1.5387198360763294E31 116.0 
-2.3866552618059455E15 -1.08122369215054E13 2.3299338608041757E8 1291387.597084755 1.8180470973089097E30 117.0 
1.82336681782729952E17 9.9778051976066064E16 -14721.930054840683 -36954.13870934605 2.9949871772097245E30 118.0 
-1.4594593809880038E16 -1.3618834195547818E15 6157630.313958301 480638.2174478559 5.226327253777411E30 119.0 
9.43166704445748E16 -1.65406088740839776E17 -41065.32238760746 18739.226601491282 1.1504330943611459E31 120.0 
1.0086773291776202E15 -1.92379751295096064E17 26063.57176699321 35991.73071996052 8.545686193002018E30 121.0 
1.90990424059553184E17 9.6954474759284352E16 -37092.85839781099 9095.097061259767 1.4257572243570208E31 122.0 
-3.5870096157669508E16 2.61857745883547072E17 -19608.56093401375 -21860.844785054287 1.3578860042606146E31 123.0 
-1.58684769018654112E17 -1.4215055732148794E16 54653.01610083725 -24057.022957831992 1.8839086958937017E31 124.0 
1.46915032655420672E17 -1.26783546648986912E17 -43749.47208674336 3251.8231513416 1.1684424653165066E31 125.0 
5.8054610348646144E16 3.4711334190419776E17 17372.006630573458 -13782.562327542544 7.875034771575854E30 126.0 
-4.2142007931946024E16 -5.0582317914829165E17 -15682.668287992648 6479.666093662704 4.092493512230019E30 127.0 
