-5.550389891955136E-22 1.2235357310225184E-21 -218.5996329486615 481.8840962663968 1.98892E36 0.0 
1.48236593230284128E17 -1.15473900824720368E17 -46010.66018173469 2088.6626867474997 5.838197563362931E30 1.0 
1.9830753442309624E16 6.774138974904784E15 -2834055.907848049 -1052221.8561049837 8.023673693009321E29 2.0 
9.8500715098339536E16 -4.3570320452179275E15 -134871.03632274328 42522.80912138412 1.76882738588902E31 3.0 
-1.84901293935283168E17 -3.781286236712352E17 19244.517421752164 -1061.565936140908 7.519723239121146E29 4.0 
9.2207269998898448E16 -8.9476372937192352E16 -80057.70573630201 32951.692144314875 1.7586025843574499E31 5.0 
8.7952236561187072E16 3.1068386042684408E16 -131315.25146064273 -86415.08024533447 1.7102509807129922E30 6.0 
1.32819348839561072E17 1.2219322027825216E17 -47744.34730337417 -8414.354100474333 3.0968668815412434E30 7.0 
1.2182232066089784E17 -1.2089308245896E16 -91446.93185227804 -23989.350095446087 1.9362942078780281E31 8.0 
-1.51190460052261056E17 1.57764567343706112E17 1455.4453648890012 -37125.48575867109 1.23931126501304E31 9.0 
3.2423792430257722E17 -1.3083459591202514E16 -13420.822398267674 -19693.635912119567 8.206328222341536E30 10.0 
-1.21161625372161504E17 1.05569175116990784E17 19892.75034721459 -55444.39361691714 9.941139689589899E30 11.0 
-7.2990226613410928E16 1.024569056204224E16 247894.17936407315 8060.247334914616 4.6218806975044444E30 12.0 
3.3157240809170963E17 -1.25097453770319648E17 -3057.5713962269156 21850.562360168453 8.081833626560886E30 13.0 
3.480378752469341E15 -8.619089430388269E15 -5640773.927247656 1.4288255548947163E7 1.4509055846284792E30 14.0 
4.2652735431094246E17 4.7507714559287512E16 -9117.246943238282 16669.398439607394 2.4835425996748412E30 15.0 
2.5173523363052816E16 1.3364853865465182E16 -1475070.983762599 -706064.1002295088 1.2291811918807843E31 16.0 
4.9815846581501992E16 1.57430595682645536E17 -41735.04074943027 -37883.379196330345 4.7920121224585416E30 17.0 
4.144758738101464E16 -3.4967476915234694E17 18011.726021134313 12933.749951990465 1.1590694301140537E31 18.0 
-1.8492209723132192E16 -2.44393813313979392E17 -21522.204783616467 23857.592794753506 1.8891067650789336E31 19.0 
7.295495398255927E15 4.7218659376491248E16 -142178.99465518986 -566676.431591279 9.590753734042681E30 20.0 
5.841471060137398E15 2.9020946502896164E16 -364512.8351039267 -1471531.5295809538 5.870756133678438E30 21.0 
5.2954812501170864E16 3.4128860236350032E16 -306012.1339990356 -142808.59054029078 1.6691608065579896E31 22.0 
1.99209891407899456E17 -1.8078091941532448E17 1321.4712978480775 28767.746717499725 7.222280815634372E30 23.0 
5.1014854545325224E16 -1.23300103038085136E17 -57646.388414291905 56822.93112659954 3.756794672442361E30 24.0 
2.943455200925654E16 1.95385046429531072E17 20535.487248948742 -37484.938994717086 1.9062419342264022E31 25.0 
1.06076771439377376E17 -1.676952982555112E16 -119191.47077171244 -16668.571844635706 1.0597234133310698E31 26.0 
4.3307411964661773E17 -1.41829386218402192E17 -11391.938292092407 -14221.438893575058 1.8777422912730953E31 27.0 
1.10157190464239136E17 -2.6748175775946768E17 -25842.08403345979 6531.651177273962 1.745222733691156E31 28.0 
-3.1321492852146804E16 -4.1112546176857976E16 341460.20405107335 364534.11193613353 6.098138986363317E30 29.0 
-1.846647002954896E16 3.8938330293353672E16 256256.1251139978 -669460.1756855625 6.510784238583585E29 30.0 
-2.6596996863365952E17 -9.136142513542932E15 19518.986247969326 -21659.036947218214 1.2191468961532175E31 31.0 
-5.4011078686183648E16 -5.781256458732488E16 174717.6749015786 126991.84924893113 1.7490552114316193E31 32.0 
-1.11738297758230816E17 5.4323675804781376E16 91632.25232838409 -8230.984522185166 1.039344897882069E31 33.0 
5.0689146000115632E16 -3.44524723030012E16 -318296.3925370845 160159.1447470537 1.1819527600955203E30 34.0 
2.07952921367591328E17 9.234521480717328E15 -31753.9496923877 23854.20274320389 9.863329135865217E30 35.0 
-4.6759517318772128E16 -7.7644116442378496E16 50639.45079163815 158180.36413529888 5.399435637209647E30 36.0 
1.92824534332394304E17 5.4068046595146221E17 -15673.519133567343 1308.590301088524 1.1299075007669785E31 37.0 
-1.26072980295282528E17 6.1549602898898701E17 14911.30143016522 -382.2435064244021 1.2610634014749056E31 38.0 
-5.543799528747736E16 8.0745661667008864E16 108674.45147269632 -93248.3952531552 1.412584903350405E31 39.0 
-8.7477857019499536E16 -1.19377783813008576E17 60138.92314833538 31305.580832336247 1.0412089309364266E31 40.0 
-2.7379534006582548E16 2.530651359048278E16 660773.1326427314 -691894.8885155786 1.4810271387506108E31 41.0 
-3.0861928815309896E16 -7.7500551181152176E16 33558.127306920986 192008.23826515645 1.6222215360990774E31 42.0 
7.404639789415232E16 2.5532496677479172E16 -191166.3869773607 -109470.68889631337 5.716965072746016E30 43.0 
-5.3448287359947496E16 -1.35991663459976048E17 -5339.277523310837 68926.50810552374 2.962200616465762E29 44.0 
-1.73543121073821216E17 2.361014770340509E15 44531.25855661505 26880.497460152197 1.421392132664989E31 45.0 
7.69139474998103E15 1.5538108518373866E16 -2037213.148231529 -3918322.9129284 1.19487677024144E31 46.0 
5.1738165270690304E16 2.7835926409391496E16 -361122.0313977556 -140125.97993513392 1.111309511788939E31 47.0 
1.7351773885663424E17 2.6974938312639888E16 -38337.236601185345 -33822.13650990901 7.08330647972916E30 48.0 
7.375861866279152E16 -3.269917540960496E17 16800.761976944817 15915.100257983358 1.6688737669296822E30 49.0 
3.5619498206569594E17 -8.2853601001282816E16 -13990.717864372984 -16304.338185585784 1.364231428558616E30 50.0 
-1.65113572363250592E17 -8.1732052854541936E16 23170.365388759586 41411.23185677842 1.0486355210612934E31 51.0 
-6.8816508230941824E17 -2.84071784538973728E17 7309.608896809242 -11423.752434949136 1.9013075357432242E31 52.0 
-5.61366393318042E15 1.34673313823594816E17 -28306.2775231457 -74300.09972862825 1.5250888833399169E31 53.0 
-5.6677415611855059E17 2.83723239069391776E17 9434.284157034466 11455.607087255336 8.070284465874355E30 54.0 
-2.40280828267525792E17 4.4515721644496019E17 -11784.047149672302 -12261.197544490564 9.019394448512051E29 55.0 
-7.854204978784283E15 -2.84078099055788896E17 22055.578616782463 15859.01595402868 2.4546743512201784E30 56.0 
1.04440606146215696E17 3.811571267854732E16 -112745.8837521895 -4399.52190073287 1.4494470730701933E30 57.0 
1.5738517056903212E15 5.83376701957806E16 37151.76194064376 -391082.98227089096 1.6737070019394528E31 58.0 
-1.5330366043677424E17 -8.712280517202151E15 57725.852266594244 -26300.354556624883 7.454778241323471E28 59.0 
-3.5161784777543501E17 8.983063561117284E14 10792.768154180185 19396.02053138591 3.7191770813391406E30 60.0 
2.9765249398142544E16 3.275192521198505E17 18893.730754321325 -14045.14749046138 1.516118270407058E31 61.0 
-7.0608499079628496E16 -1.76276473483221952E17 38239.464264398215 24366.368284746328 1.5159306350692544E31 62.0 
2.2562098951713836E16 5.9296867195827328E16 -74578.62777742391 -324561.298566293 4.3595042637276234E30 63.0 
-1.37943002350092496E17 7.9100667231597088E16 31195.23703700289 -51179.28071777924 1.2892519225133053E31 64.0 
-4.2758819633257446E17 8.01045130768676E16 3684.511350481188 -18458.050910358135 4.3930265576549477E30 65.0 
1.12576087891958976E17 -8.7372662188629606E17 -12389.522850094898 129.579826803959 7.112063048180606E30 66.0 
-1.02611278246159968E17 -7.09020758457946E16 51674.89837209857 75339.38888707962 5.651187477601646E30 67.0 
-8.7418761529812E16 1.0773856688190138E16 165080.55429482792 -59463.70328285929 5.329317944625633E30 68.0 
-2.05156366760398432E17 -1.299081225018092E16 29773.33554324799 27343.486813777203 8.021269825530164E30 69.0 
-9.1531685025922672E16 -2.71798764168427552E17 25538.271586898023 8436.877183623392 1.5581664034680242E30 70.0 
-1.02512602079605158E18 2.2113475816396356E16 1508.9814068599962 11344.57234365941 6.163386831845534E30 71.0 
-9.2184395234952368E16 -1.6994353398282308E16 141815.28505739398 64723.88216996605 4.109105280818613E30 72.0 
-2.460402887497681E15 7.944324669405174E15 5556405.839183048 -1.836739849149405E7 5.623103795451827E30 73.0 
-1.6448472699523588E16 1.649001812731644E14 4904523.371951565 -139291.0395628256 1.8973165224366264E31 74.0 
3.3501730748658042E17 1.39503218868938736E17 -1961.1098578643034 -21529.43690406829 5.124778699634203E30 75.0 
1.5664706875379388E16 -1.3674910712325488E17 -39138.64605933108 66113.45193816368 1.8041309227702147E31 76.0 
-1.1416866031414464E16 2.6714611719930748E16 680120.7579785131 -1419504.6414183846 4.5891484306765805E30 77.0 
6.522853014433088E16 -8.5145949069819808E16 -98074.28295638252 70228.46964488368 8.657302223671809E30 78.0 
-1.2100778796567436E16 3.7859472656622744E16 200842.756524928 -817840.8978992956 8.124356441134832E30 79.0 
2.30878237125703488E17 2.3646962278364496E13 -24936.62614244685 -23965.446333590593 6.375803466714943E30 80.0 
-2.2959782761337132E16 -3.8703422810800856E16 381122.883602367 535937.9015969485 5.794485889186349E29 81.0 
5.2874511845035475E17 3.2188978434817677E17 4650.323073649051 -14308.10927263742 1.7575733081295063E31 82.0 
4.4489657089395976E16 3.728558490042936E15 -668122.0198338714 -1345.531756023022 9.405047442424705E30 83.0 
-1.2211558132290045E15 1.18198079863601104E17 34471.39948937604 -94635.60756130752 6.55606887697074E30 84.0 
-5.3187970724504755E17 5.4235104278460826E17 -7822.644121145419 -10897.185661642085 1.738600664238968E30 85.0 
-3.6027715910986888E16 2.75701608683655136E17 23896.982717323783 -14249.983958462872 2.588360137832324E30 86.0 
-2.45809538980212224E17 5.942898921020448E16 25569.406176521617 17379.988404181386 1.761300440227224E31 87.0 
4.2691916508731715E15 4.6882759173721008E16 -106780.79874077231 -591526.9241062558 1.636074085723314E31 88.0 
-2.923599292561385E15 2.800837735878888E17 21932.24928096167 -16705.40308471495 1.8012460541300184E31 89.0 
1.75144988757501664E17 -1.0653160195937074E16 -41529.23054865801 30002.890719150208 1.3401086214433597E31 90.0 
6.1764898054644192E16 -3.2567265636510608E16 -220489.18422318352 165527.60469272162 1.924589778086614E31 91.0 
1.77836238204074176E17 -5.495210469905424E16 -28755.923629101326 36850.43119535171 1.620134879306782E31 92.0 
-5.3471600536688378E17 -1.62399655104842208E17 8548.119317350642 -13505.159887670281 1.7539698796306511E31 93.0 
1.64214785334354752E17 1.0643149753191154E16 -46969.91136841218 -31709.3615772081 1.5558302627045296E30 94.0 
5.6684268156737424E16 -5.441907063301881E15 -402980.3019356135 87138.66161491194 1.7317206355251378E31 95.0 
-6.2816758084933456E16 -2.5721205591175896E16 283354.61739766435 68255.8096754642 5.915813164837215E30 96.0 
4.8566361746667312E16 4.1939491866439238E17 16742.285168440052 -9446.588429131138 4.309875201683531E30 97.0 
-5.1931323571980838E17 -2.7718775217463152E16 5757.602317976357 -15687.340245722608 1.903451836503408E31 98.0 
3.0066846266443379E17 7.9475134440630768E16 -8001.094783125128 -23479.728389284766 1.0772567639405613E31 99.0 
-8.0677051716243024E16 -3.3635603176933229E17 -16437.5306564429 15372.773937583619 2.592730776803098E30 100.0 
4.161918198735863E17 8.95869219429728E16 -3452.1576960259213 -18803.18500145381 1.8188146247962408E31 101.0 
-6.392961680536364E16 1.60249983706266592E17 42284.75594261417 -31153.46670572349 1.2265623610613062E31 102.0 
-9.2741931859829136E16 1.06216296925736208E17 20810.745223712598 -70475.41425520531 7.307948050948122E30 103.0 
1.44270722968835072E17 -1.55052792737238976E17 -38486.119981300515 4649.535585502027 5.104650876428234E30 104.0 
2.5025521600480004E16 -3.0650575225481832E16 -491214.7590517592 693413.0029779928 1.4354357465291428E31 105.0 
-2.01043332953545632E17 1.72232494263199264E17 -165.9397176057744 -29331.255955570487 1.8810318946723211E31 106.0 
-9.789804187276398E15 -2.12888744719423904E17 -23570.31584882736 30352.911155990365 1.3322884131171661E31 107.0 
1.20110188948892592E17 3.8631636622673235E15 -92975.01548905039 30165.159891983043 1.6897839048255842E31 108.0 
-6.7357632698673968E16 2.12895770426386944E17 -15202.68816386455 -32750.40614486939 5.52072785092789E30 109.0 
-1.20202563139775904E17 2.9240606129869916E16 92067.90648315781 11283.168262310057 1.0003303056997063E31 110.0 
2.810093882240026E15 1.69172193393792288E17 -28769.809593207752 -45910.66782602096 1.6471361376760516E31 111.0 
1.61838441593289696E17 -1.36950910166550784E17 -38746.06681931025 8.569990851770228 1.2954232817329871E31 112.0 
-6.3544643993186488E16 2.1351533441020024E16 294158.1987688818 -51946.65513411958 1.5509204909733113E31 113.0 
-5.2375392821414984E16 -3.2686046422747539E17 -17845.870161818217 15140.861110068108 1.920446716846364E31 114.0 
1.23026326464534016E17 -3.1500902462362502E17 14219.74183731866 18033.74952166191 1.0088421501595525E31 115.0 
-4.1706567630738214E17 -2.8332722608510648E16 8805.891960514742 -17216.923459605317 1.5387198360763294E31 116.0 
-2.3866552618059455E15 -1.08122369215054E13 2.3299353292666045E8 1291632.3655262482 1.8180470973089097E30 117.0 
1.82336681782729952E17 9.9778051976066064E16 -14732.377315864971 -36960.027980178056 2.9949871772097245E30 118.0 
-1.4594593809880038E16 -1.3618834195547818E15 6157742.16340748 480684.4390067078 5.226327253777411E30 119.0 
9.43166704445748E16 -1.65406088740839776E17 -41073.60750810178 18750.45689457768 1.1504330943611459E31 120.0 
1.0086773291776202E15 -1.92379751295096064E17 26075.542120084083 36012.4098207854 8.545686193002018E30 121.0 
1.90990424059553184E17 9.6954474759284352E16 -37101.99616540077 9088.467705615178 1.4257572243570208E31 122.0 
-3.5870096157669508E16 2.61857745883547072E17 -19606.726863815802 -21867.158696576524 1.3578860042606146E31 123.0 
-1.58684769018654112E17 -1.4215055732148794E16 54665.023773042296 -24064.714671481903 1.8839086958937017E31 124.0 
1.46915032655420672E17 -1.26783546648986912E17 -43764.219642834236 3263.122098507895 1.1684424653165066E31 125.0 
5.8054610348646144E16 3.4711334190419776E17 17316.676292812634 -13712.777609025654 7.875034771575854E30 126.0 
-4.2142007931946024E16 -5.0582317914829165E17 -15682.22534249294 6482.770232939885 4.092493512230019E30 127.0 
-4.8947615077449606E17 -3.1366381681811661E17 -4840.952800285982 14840.444381143636 5.695675275904854E30 128.0 
-5.0768226181537744E16 -3.7297041019454656E17 19868.679466565995 6768.213046766226 8.350447514299241E29 129.0 
-2.3091860136504175E14 -2.51023926303078432E17 22997.42906123849 21058.423924351595 3.620910427898652E30 130.0 
3.0226587909035772E16 -8.1215030310358336E16 -98331.03826431558 152043.17051228744 1.656155271599265E31 131.0 
-1.4909547194400288E17 -3.975001495383996E16 46326.77664839719 42715.40010149546 1.9761615328861241E31 132.0 
-1.71588401893447648E17 -2.3670710496237285E15 44598.36790061395 28725.37805668675 5.988737225668196E30 133.0 
-4.1367305260258784E17 -1.8691585011467276E16 8514.417902818961 -17622.85126656255 6.727331012179609E30 134.0 
1.32594265170444288E17 7.0987013212077466E17 12855.748244681381 -4993.805805332305 2.299463335377829E30 135.0 
1.07211209735323696E17 -9.4422376260101312E16 -28735.250428451727 65884.32200535006 1.6610033593035595E31 136.0 
-1.6980837696812038E16 -4.7246326664506392E16 129731.91897123604 512951.421375287 8.554893960689879E30 137.0 
9.7669648768360736E16 -1.10839918139526704E17 -62700.18461067445 25891.171212069126 6.898734006935794E30 138.0 
-1.17021770654407008E17 1.364913738357558E15 97341.97474960971 32561.58532600149 1.4413938509896532E30 139.0 
1.4152296318638824E17 1.8566988206866704E17 4185.015224859362 -33834.46462972122 1.493837450672375E31 140.0 
1.34990804629283776E17 1.19490018839516048E17 -12718.759761347674 -47263.115243623804 1.760067476222237E31 141.0 
2.9285483767150588E16 -3.4014378115302541E17 -20592.20968188824 9653.83620534597 9.176852531770499E29 142.0 
-3.9646092052425744E16 1.6223314626375632E16 690551.6238994515 -222406.3694320784 6.141983775587708E29 143.0 
2.07626318746087296E17 -8.535016358802936E16 -15147.396322690242 32512.182111978014 3.2608872299505124E29 144.0 
-9.1344469510969616E16 1.77926633950118336E17 38077.790345406924 -17769.822478528164 1.1072424365961655E31 145.0 
1.5397353836249314E16 -1.3200223895767492E16 -2502237.4484107615 2038650.3207680732 3.0431117178881073E30 146.0 
2.2846929766374032E17 3.8511771752259216E16 -28384.262605521155 19471.356348231224 1.7015600655703625E31 147.0 
-6.0302434753272976E16 4.3614694445106645E15 358769.16793463985 -72880.12405171631 8.76789215515159E30 148.0 
-2.04784030510850208E17 -1.92933297492866432E17 27105.673568492766 -4297.980092942007 6.066784846472691E30 149.0 
-1.3478196383224784E16 2.1927870158734916E16 988009.6828253081 -1744256.534668066 3.4583512132655596E30 150.0 
1.32546735691840592E17 -2.48315832209455936E17 11246.328106607874 25010.84085544851 1.1081598222184666E31 151.0 
-4.4497131794353496E16 1.11289061950655184E17 65210.31250103002 -73465.30773963593 7.743706123154957E30 152.0 
1.83729030829769472E17 -4.050611980432872E16 -30962.509828180897 33995.853153176904 4.4203614437972574E30 153.0 
1.1811603342139892E16 -1.36590771946262832E17 25701.044452255075 73031.24519768094 6.978663130680295E30 154.0 
-9.1116490381424944E16 -1.1028898783082208E16 161002.55098070597 -18862.256904032445 1.82831002773886E31 155.0 
5.379581423074788E16 -5.0907355798277544E16 -204826.1664366589 135622.0013634061 1.6842233208756086E31 156.0 
5.5654959112917453E17 1.01629600782452816E17 -1334.6757032396956 -15810.69657400775 8.578591308925962E30 157.0 
-1.09512936118496416E17 1.7877696091865E16 111975.80317219927 16760.48625904207 1.5509994538899702E31 158.0 
3.255567740846933E15 -1.69286388212223456E17 27101.894580140317 46848.001808680136 1.0126699544481364E31 159.0 
1.8526256624877864E16 -6.22313666080194E16 -46559.847438561505 314627.43411791045 1.0687478588275332E31 160.0 
2.79957186434095936E17 1.71525709543950432E17 -4.6342947281621605 -23580.946453332712 7.415886055193397E30 161.0 
2.78114081610423072E17 -4.2746846991018534E17 -16306.562599818966 -4512.410776951725 3.3768537350789875E30 162.0 
3.4075968057598624E17 -1.13091089378124992E17 -15848.935320850183 -15013.850689782375 5.30692796467641E30 163.0 
-5.639107829308009E15 2.2176643436988912E17 -23739.939639222062 -27606.83276088179 4.736386410067309E30 164.0 
-1.452990537983045E16 1.82335932874185472E17 30023.38606186244 -37437.02982471214 5.651356065296733E30 165.0 
1.8230752574565208E16 2.17310103410710944E17 -26914.501895405665 -25786.115340437133 1.7709507935673302E31 166.0 
3.7824571964330566E17 1.83444162428766144E17 987.2683815429409 -19267.445307721857 1.5552850272752893E31 167.0 
9.8239361988202544E16 -5.4813953102983904E16 -108361.13628882598 21134.75020738334 1.7924741222765504E31 168.0 
-2.4657288908297315E15 4.6232824400692152E16 86713.9572617879 -615409.9161706915 1.8169456200594452E31 169.0 
-1.29060578110871872E17 -9.8622717153678432E16 22645.95001204307 53269.66297896493 1.9369416666133218E31 170.0 
-4.6568838466650544E16 3.2595527368711488E17 21606.240756721672 -9306.82800899612 7.640341069842888E30 171.0 
-1.15746827359551872E17 -6.045643508461424E16 54261.131257891444 64288.858297422776 2.9037724201456536E29 172.0 
-2.9501129766693055E15 -1.4121319810419066E16 1398041.3420714857 6222995.337505645 8.921163050066943E30 173.0 
-3.2243624919570138E17 2.70345048622922624E17 -5659.72790925687 -18426.872201135226 1.1984400210132096E31 174.0 
5.6476974106987738E17 -2.9978028859557485E17 3882.1366844443965 14247.153290498361 5.490908188598586E30 175.0 
-2.803692723539504E17 1.34193720661677232E17 3484.5968133110314 -24570.84999587913 1.5799538032863925E31 176.0 
-2.0987024062576532E16 4.2765863516308624E16 305179.5431558484 -501862.21723962395 3.2595486083346034E30 177.0 
-3.1688936230868186E17 6.4349138992404365E17 -11059.173831127053 -8325.200503423377 6.397557886678984E30 178.0 
-3.370982692677927E17 -9.9949885820150016E16 4779.624272920576 21679.578656122892 2.8080424411420394E30 179.0 
5.2978845509779288E16 -1.33610647133604208E17 4538.968907560044 70976.05048325623 6.073140724270529E30 180.0 
9.7198231357793424E16 5.8881035484692648E16 -70222.5843212078 -82509.0816794792 8.315503186840565E30 181.0 
1.40220266546188848E17 -2.9214396345496076E16 -69578.4578995312 -16568.202201216856 1.5262364003205477E31 182.0 
-1.41298597939017968E17 2.12526640037601216E17 30283.513203705934 -4364.140850729333 1.8892019408048601E31 183.0 
-2.1489655375067568E16 -7.1208049075927136E16 28840.165970774782 241866.0772492316 9.056738758081806E30 184.0 
-6.1317415284253005E17 -4.9271904834370224E16 4678.039163861864 -14356.901229610861 6.821653877101786E30 185.0 
-1.18882009604181024E17 -4.6056254215024832E17 17639.332567048525 1512.9777640745092 1.93391653835688E30 186.0 
9.2364787939907264E16 5.621645169458236E15 -152391.0630041078 -47348.71700133121 1.5306228334305887E30 187.0 
-6.3011225142917456E16 1.5562604068901976E16 295019.4306822915 -119196.66549604486 3.3100062500773157E28 188.0 
1.74502166450742976E17 -2.1481188996693728E17 6061.600261994337 27271.50932860648 1.7500830520002294E31 189.0 
2.01515312670717728E17 -2.05778739390949184E17 -26556.963685527917 -3569.5756108102573 1.0902942481892097E31 190.0 
7.878570130697856E15 -2.5933633157559568E17 -23224.982257051015 19061.740497565686 6.450023368511137E30 191.0 
1.54785412868829792E17 -6.2108257806385968E16 -33797.90043309022 43974.77396918846 4.8403880385066733E30 192.0 
5.205722827097224E16 3.554425575948297E17 -20484.692270014504 -7447.129661126945 1.4320542963001713E31 193.0 
5.3954652783336787E17 -2.6943001502618635E15 -4488.1584684601485 15703.581524742065 1.25481415772867E31 194.0 
-4.3479095332640235E15 4.8956773830423856E16 -2314.1965429661104 -552810.3363371111 3.442198881392128E29 195.0 
-8.0990885771953808E16 -1.13949684376025952E17 14196.796248553808 73140.4634581836 1.8974684469650212E31 196.0 
-2.58283629562884832E17 7.370728307162219E15 20530.41854550152 22060.291337655966 4.031275710379958E30 197.0 
1.98172827209901152E17 -9.6482306012673254E17 11092.130698637855 3676.770427817437 7.874906142389609E30 198.0 
3.0445580765088416E17 -1.0176672364132064E17 -5777.193772697333 23365.05934417431 2.7183991168284538E29 199.0 
-2.7166887425842692E16 -2.7027700070058516E16 599248.0906199615 679125.5497482071 6.603877683448201E30 200.0 
-2.0259574678778052E16 -2.35292904341863296E17 25702.263143596963 21562.42487528705 6.315140065479393E30 201.0 
1.6785115823517568E17 -1.6316786790736152E16 -43692.84687733146 32512.676417254163 1.9440847366496657E31 202.0 
-9.982397815933106E15 3.852567491470091E15 1.0854859057569925E7 -4070038.898295059 4.469693382345034E30 203.0 
3.612751191806846E15 -6.7725105896001096E16 -58847.0835963214 286630.13524734316 6.24512874002823E30 204.0 
2.71944228897878688E17 6.6687433558171354E17 11599.708830891845 -7497.363272402408 1.271418301839537E31 205.0 
-1.0304707211702628E16 1.43685884708913328E17 34900.72108914427 -61725.114809238534 4.669653915673676E30 206.0 
-1.7563206730327354E16 -3.9595173307207208E16 337408.3779174807 624116.431941516 2.123686420990523E30 207.0 
7.8516044922511248E16 -2.26595486397624992E17 14661.908521731979 29524.412782030115 1.0085032288257299E31 208.0 
-1.15641846295879872E17 2.02771409541759136E17 32774.7598440836 -9362.335543226549 6.043222518212057E30 209.0 
4.3121818106393754E17 1.2005404882078426E16 -6669.456863958664 -17741.03533670711 1.5313013045903268E31 210.0 
-1.6689064420773896E16 6.055718688742932E16 45154.26973911067 -336585.9819067365 1.0530725115586054E31 211.0 
3.2477501134559856E16 -1.18332727457580944E17 8366.007441967828 93718.45707438093 5.002193970953609E30 212.0 
-3.5240240555701996E16 3.8102864872660976E16 371760.93794612086 -327455.6048194996 1.1245534735627495E29 213.0 
2.0055502637310848E16 -2.1489776403823128E16 -1097087.6051673323 1077134.6077631165 1.7918853729740988E31 214.0 
9.4307021698536928E16 -9.211460711702288E15 -143303.2085596583 51799.85723313612 9.402481641018247E30 215.0 
-1.8949089395392036E16 -1.07491604679258419E18 -11086.470924450225 1345.2308957857747 1.836069763112595E31 216.0 
-7.122596460451501E15 9.3977950250328848E16 -26112.885761297286 -151865.31203323917 9.18227903457873E30 217.0 
-5.179447293571868E16 3.0744450711872218E17 22622.56361607934 -10043.303704420494 6.299393538452647E30 218.0 
1.18668661571939184E17 -2.04312018754867776E17 8539.495305673398 32474.191079222364 2.806136169426011E30 219.0 
-1.17883159362184448E17 -2.86474908427950176E17 -13862.5043818601 20676.04264234779 1.0496942973369653E31 220.0 
5.679282234794039E15 -6.5179718604420816E16 -71972.78440575613 304711.8540202038 1.6871180138748117E31 221.0 
-6.253258254976034E15 -3.375238942894176E17 -19603.54419791228 12028.5334895886 2.5404353858465554E30 222.0 
5.0970068001719504E16 -6.38295005105879E15 -492500.60801216576 113006.29708377551 6.278080432835767E30 223.0 
-7.50127250176585E15 -1.26146336266842128E17 -27378.810537515543 84905.89564744344 1.8410918688418827E31 224.0 
3.0532554452865924E16 -2.6521679341439132E16 -650385.5069690878 488842.2345582635 7.342347358378634E30 225.0 
-6.7557370891988976E16 -1.30203750262307952E17 1707.566874994515 68651.08880676296 1.7112797973867929E31 226.0 
-3.1666322534912396E16 5.6318756885703034E17 15545.930168301336 -3309.569895983813 1.7848309457129242E30 227.0 
4.1651010219281984E17 5.989648163252402E14 -7610.2166173135965 -17838.19850309493 1.3019217916425446E31 228.0 
4.2759812647835288E16 -2.019981189640232E17 -31273.603903819312 25224.035548839518 7.173513134687784E30 229.0 
4.63597823695637E14 4.456753314657853E15 -6668345.726267731 -6.576680995562995E7 1.2328552236624785E31 230.0 
2.8442392526708532E16 4.848916514829392E16 -170661.48867778105 -386887.49173301784 1.0983900686451081E31 231.0 
8.0557816712886592E16 -7.262676037682582E15 -198390.95255631764 58532.53831418651 5.819496255785903E30 232.0 
-1.17803629708248592E17 2.62196163761321056E17 -13004.38637554874 -23474.367293738393 3.591761632101035E30 233.0 
-5.0914812478201024E16 -1.05832314406731776E17 11436.933360955374 101304.54421666385 3.2940106497318283E30 234.0 
-4.860547634456701E15 4.7433892282521395E17 -16660.09442302298 -6079.989465507172 9.872064719564202E30 235.0 
-5.2862057030949357E17 1.77561702244534816E17 8961.745981737884 13260.590592356515 1.2336151821014546E31 236.0 
1.88353538938569152E17 -4.0633966341568186E17 12828.082805322569 13249.273477731194 1.1182296800422398E31 237.0 
6.299925498590028E16 -4.3663342371569427E17 -18138.209196087017 4283.542480365509 1.9381992965599604E29 238.0 
8.089644869955568E16 -4.1367272768827832E16 -160570.43685491348 39197.37543316422 1.6646181457789947E31 239.0 
-1.50244813789440064E17 -1.16089465409015706E18 -10432.643793803143 2328.3940504266475 9.985615681980978E30 240.0 
-1.81062603029741984E17 1.29191290318306272E17 36040.1458180381 4295.611316722809 2.8458386836535397E30 241.0 
-3.8173466857464621E17 3.0354597863675533E17 -5891.4876713165495 -16386.54741284175 1.6996806310324648E31 242.0 
-2.44317499037074784E17 -2.382722851828613E15 22458.836971748733 -23080.461035829707 2.4060365555310975E30 243.0 
-4.889163158175591E15 1.4974737586859468E16 1747321.943359446 -5055983.298714861 8.207557446242609E30 244.0 
7.1644892344241331E17 7.2592083160845299E17 7219.817631993776 -8920.472755828507 9.938591162965783E30 245.0 
1.2561279415854482E16 4.2167256885431782E17 17505.45886152688 -7992.067970919978 1.469805507636954E31 246.0 
3.7937774970167368E16 -3.087394909884615E17 -22171.80108723935 11109.156974239375 6.130837552449606E30 247.0 
1.68554205750677184E17 4.555596566679716E15 -47452.84786616901 26728.757638673185 1.7525930923378E31 248.0 
9.6014292376381728E16 -7.2025145382341784E16 -53774.02561686562 81898.54319445029 4.6992209480340175E30 249.0 
3.8160289627799046E17 -1.00155742961736368E17 -12913.362654698285 -15569.919486998424 3.1390347147607913E30 250.0 
3.6226143205708568E16 1.32610023023414E17 -48493.66573562023 -59579.91628044048 1.7670113658698888E31 251.0 
2.7352028779865352E16 5.175755191390762E15 -1695713.7170617506 -250572.84116725888 1.6312732148561442E31 252.0 
2.5747028795324816E16 -2.06319326939271168E17 -28868.165420080324 27363.701880085573 9.626191339592182E30 253.0 
7.6066752912948656E16 -1.08490574985437456E17 -17486.443294515913 80115.09784399286 3.142419294309584E30 254.0 
2.9383707689819236E16 -3.9658216549358375E15 -1505109.8025764083 135755.23904480587 7.577953031909488E30 255.0 
