-1.5621879811914705E-21 2.065283646226816E-21 -615.2607761487805 813.402762307612 1.98892E36 0.0 
1.48236593230284128E17 -1.15473900824720368E17 -46000.9010702791 2068.8805639008997 5.838197563362931E30 1.0 
1.9830753442309624E16 6.774138974904784E15 -2834109.7124024536 -1052249.1299405282 8.023673693009321E29 2.0 
9.8500715098339536E16 -4.3570320452179275E15 -134937.09388657403 42491.19503828805 1.76882738588902E31 3.0 
-1.84901293935283168E17 -3.781286236712352E17 19254.051012912063 -1055.7610176158826 7.519723239121146E29 4.0 
9.2207269998898448E16 -8.9476372937192352E16 -80103.1409562048 32999.142310056835 1.7586025843574499E31 5.0 
8.7952236561187072E16 3.1068386042684408E16 -131340.77697365105 -86398.52499833847 1.7102509807129922E30 6.0 
1.32819348839561072E17 1.2219322027825216E17 -47750.383757168136 -8458.793985460099 3.0968668815412434E30 7.0 
1.2182232066089784E17 -1.2089308245896E16 -91511.28483778157 -23971.467127274325 1.9362942078780281E31 8.0 
-1.51190460052261056E17 1.57764567343706112E17 1446.0402723158074 -37144.34650930777 1.23931126501304E31 9.0 
3.2423792430257722E17 -1.3083459591202514E16 -13437.269253445882 -19691.052087016284 8.206328222341536E30 10.0 
-1.21161625372161504E17 1.05569175116990784E17 19913.291237000878 -55500.6946885838 9.941139689589899E30 11.0 
-7.2990226613410928E16 1.024569056204224E16 248018.67144659918 7793.212089844876 4.6218806975044444E30 12.0 
3.3157240809170963E17 -1.25097453770319648E17 -3067.9787560963377 21870.246515379233 8.081833626560886E30 13.0 
3.480378752469341E15 -8.619089430388269E15 -5640591.548544698 1.4288713127585528E7 1.4509055846284792E30 14.0 
4.2652735431094246E17 4.7507714559287512E16 -9129.684260759534 16678.520512031755 2.4835425996748412E30 15.0 
2.5173523363052816E16 1.3364853865465182E16 -1475042.7356131182 -706026.3952014325 1.2291811918807843E31 16.0 
4.9815846581501992E16 1.57430595682645536E17 -41752.64958916735 -37915.32295338039 4.7920121224585416E30 17.0 
4.144758738101464E16 -3.4967476915234694E17 18007.869129658797 12947.639383221269 1.1590694301140537E31 18.0 
-1.8492209723132192E16 -2.44393813313979392E17 -21512.544449165358 23899.14887337399 1.8891067650789336E31 19.0 
7.295495398255927E15 4.7218659376491248E16 -142298.85635106877 -566830.9131690824 9.590753734042681E30 20.0 
5.841471060137398E15 2.9020946502896164E16 -364729.15544012963 -1471670.0891865015 5.870756133678438E30 21.0 
5.2954812501170864E16 3.4128860236350032E16 -306007.5863536309 -142758.5214286873 1.6691608065579896E31 22.0 
1.99209891407899456E17 -1.8078091941532448E17 1306.4880668720361 28782.187050348333 7.222280815634372E30 23.0 
5.1014854545325224E16 -1.23300103038085136E17 -57673.8588634289 56856.98180180512 3.756794672442361E30 24.0 
2.943455200925654E16 1.95385046429531072E17 20517.048316560726 -37515.23723580543 1.9062419342264022E31 25.0 
1.06076771439377376E17 -1.676952982555112E16 -119226.1897473991 -16733.936407134177 1.0597234133310698E31 26.0 
4.3307411964661773E17 -1.41829386218402192E17 -11398.76516200622 -14217.905176641241 1.8777422912730953E31 27.0 
1.10157190464239136E17 -2.6748175775946768E17 -25871.75655958704 6532.619949334737 1.745222733691156E31 28.0 
-3.1321492852146804E16 -4.1112546176857976E16 341614.90052348207 364506.58586023404 6.098138986363317E30 29.0 
-1.846647002954896E16 3.8938330293353672E16 256349.24833341961 -669569.20582385 6.510784238583585E29 30.0 
-2.6596996863365952E17 -9.136142513542932E15 19540.706479479144 -21640.508878051718 1.2191468961532175E31 31.0 
-5.4011078686183648E16 -5.781256458732488E16 174783.31099529815 127026.26009695293 1.7490552114316193E31 32.0 
-1.11738297758230816E17 5.4323675804781376E16 91653.63153419892 -8245.425287171813 1.039344897882069E31 33.0 
5.0689146000115632E16 -3.44524723030012E16 -318125.84420899546 160025.20258260937 1.1819527600955203E30 34.0 
2.07952921367591328E17 9.234521480717328E15 -31062.01600297538 23473.388338567776 9.863329135865217E30 35.0 
-4.6759517318772128E16 -7.7644116442378496E16 50698.236112964216 158230.9496016487 5.399435637209647E30 36.0 
1.92824534332394304E17 5.4068046595146221E17 -15675.486230386114 1303.9927171441932 1.1299075007669785E31 37.0 
-1.26072980295282528E17 6.1549602898898701E17 14916.646792212448 -385.8291772681062 1.2610634014749056E31 38.0 
-5.543799528747736E16 8.0745661667008864E16 108705.11955433134 -93224.82466389131 1.412584903350405E31 39.0 
-8.7477857019499536E16 -1.19377783813008576E17 60141.3463186541 31308.960373085898 1.0412089309364266E31 40.0 
-2.7379534006582548E16 2.530651359048278E16 660920.899023237 -691894.4588372766 1.4810271387506108E31 41.0 
-3.0861928815309896E16 -7.7500551181152176E16 33614.24481169962 192051.35971074173 1.6222215360990774E31 42.0 
7.404639789415232E16 2.5532496677479172E16 -192303.52970919877 -109830.16364410723 5.716965072746016E30 43.0 
-5.3448287359947496E16 -1.35991663459976048E17 -5329.471639394713 68958.116189948 2.962200616465762E29 44.0 
-1.73543121073821216E17 2.361014770340509E15 44570.27074276482 26883.6211911266 1.421392132664989E31 45.0 
7.69139474998103E15 1.5538108518373866E16 -2036427.055059987 -3917370.4283271274 1.19487677024144E31 46.0 
5.1738165270690304E16 2.7835926409391496E16 -361170.8133528348 -140153.46031802433 1.111309511788939E31 47.0 
1.7351773885663424E17 2.6974938312639888E16 -38318.51900402049 -33861.44225307259 7.08330647972916E30 48.0 
7.375861866279152E16 -3.269917540960496E17 16801.012660654782 15935.988947634074 1.6688737669296822E30 49.0 
3.5619498206569594E17 -8.2853601001282816E16 -14019.972275002021 -16309.296024375562 1.364231428558616E30 50.0 
-1.65113572363250592E17 -8.1732052854541936E16 23195.60955866872 41376.50853400172 1.0486355210612934E31 51.0 
-6.8816508230941824E17 -2.84071784538973728E17 7312.336063725398 -11422.502911032068 1.9013075357432242E31 52.0 
-5.61366393318042E15 1.34673313823594816E17 -28228.860550936526 -73791.17320514395 1.5250888833399169E31 53.0 
-5.6677415611855059E17 2.83723239069391776E17 9437.681015561386 11453.313211243945 8.070284465874355E30 54.0 
-2.40280828267525792E17 4.4515721644496019E17 -11782.202547476232 -12266.406107862453 9.019394448512051E29 55.0 
-7.854204978784283E15 -2.84078099055788896E17 21980.61918331043 15915.677935484213 2.4546743512201784E30 56.0 
1.04440606146215696E17 3.811571267854732E16 -112842.42585913991 -4382.403295337916 1.4494470730701933E30 57.0 
1.5738517056903212E15 5.83376701957806E16 37114.13244852271 -391307.037807306 1.6737070019394528E31 58.0 
-1.5330366043677424E17 -8.712280517202151E15 57806.48570148343 -26260.175563634188 7.454778241323471E28 59.0 
-3.5161784777543501E17 8.983063561117284E14 10770.710600689938 19396.448753906625 3.7191770813391406E30 60.0 
2.9765249398142544E16 3.275192521198505E17 18887.60427493372 -14056.613462206074 1.516118270407058E31 61.0 
-7.0608499079628496E16 -1.76276473483221952E17 38260.88130815066 24394.982185334084 1.5159306350692544E31 62.0 
2.2562098951713836E16 5.9296867195827328E16 -74832.7781440953 -324865.4572951864 4.3595042637276234E30 63.0 
-1.37943002350092496E17 7.9100667231597088E16 31253.473394851706 -51164.36435624461 1.2892519225133053E31 64.0 
-4.2758819633257446E17 8.01045130768676E16 3641.753390243296 -18447.65788574091 4.3930265576549477E30 65.0 
1.12576087891958976E17 -8.7372662188629606E17 -12389.795801590288 131.76508190258858 7.112063048180606E30 66.0 
-1.02611278246159968E17 -7.09020758457946E16 51695.01005897629 75356.6533103792 5.651187477601646E30 67.0 
-8.7418761529812E16 1.0773856688190138E16 165197.42929473773 -59479.12975967856 5.329317944625633E30 68.0 
-2.05156366760398432E17 -1.299081225018092E16 29793.22812484402 27348.44238452039 8.021269825530164E30 69.0 
-9.1531685025922672E16 -2.71798764168427552E17 25548.015214707826 8452.14191568345 1.5581664034680242E30 70.0 
-1.02512602079605158E18 2.2113475816396356E16 1510.474769079546 11344.586399248647 6.163386831845534E30 71.0 
-9.2184395234952368E16 -1.6994353398282308E16 141859.59348159735 64778.58006782898 4.109105280818613E30 72.0 
-2.460402887497681E15 7.944324669405174E15 5556608.128053378 -1.8366830508479375E7 5.623103795451827E30 73.0 
-1.6448472699523588E16 1.649001812731644E14 4904772.963447232 -139212.9669199979 1.8973165224366264E31 74.0 
3.3501730748658042E17 1.39503218868938736E17 -1987.525916996976 -21531.955985899924 5.124778699634203E30 75.0 
1.5664706875379388E16 -1.3674910712325488E17 -39061.411024399364 66082.45808801803 1.8041309227702147E31 76.0 
-1.1416866031414464E16 2.6714611719930748E16 680337.5953052815 -1419632.3205742287 4.5891484306765805E30 77.0 
6.522853014433088E16 -8.5145949069819808E16 -98098.0674020198 70350.56460976914 8.657302223671809E30 78.0 
-1.2100778796567436E16 3.7859472656622744E16 200993.91943552875 -817966.1828380664 8.124356441134832E30 79.0 
2.30878237125703488E17 2.3646962278364496E13 -25164.651415039876 -23932.87557810087 6.375803466714943E30 80.0 
-2.2959782761337132E16 -3.8703422810800856E16 381238.5203899015 535920.3243216814 5.794485889186349E29 81.0 
5.2874511845035475E17 3.2188978434817677E17 4646.858519791076 -14310.987165311826 1.7575733081295063E31 82.0 
4.4489657089395976E16 3.728558490042936E15 -668248.4707642555 -2997.9960174785137 9.405047442424705E30 83.0 
-1.2211558132290045E15 1.18198079863601104E17 34448.0847885183 -94669.82124495694 6.55606887697074E30 84.0 
-5.3187970724504755E17 5.4235104278460826E17 -7820.474604563791 -10899.214476743851 1.738600664238968E30 85.0 
-3.6027715910986888E16 2.75701608683655136E17 23898.24083113673 -14269.378194500372 2.588360137832324E30 86.0 
-2.45809538980212224E17 5.942898921020448E16 25582.834561655443 17362.47709789266 1.761300440227224E31 87.0 
4.2691916508731715E15 4.6882759173721008E16 -107006.51949817258 -591610.6852871168 1.636074085723314E31 88.0 
-2.923599292561385E15 2.800837735878888E17 21929.687954578523 -16722.53616096732 1.8012460541300184E31 89.0 
1.75144988757501664E17 -1.0653160195937074E16 -41697.7821640134 30154.769728453437 1.3401086214433597E31 90.0 
6.1764898054644192E16 -3.2567265636510608E16 -220952.4840246925 169319.9021692703 1.924589778086614E31 91.0 
1.77836238204074176E17 -5.495210469905424E16 -28786.00665154681 36872.87404496611 1.620134879306782E31 92.0 
-5.3471600536688378E17 -1.62399655104842208E17 8551.857831131549 -13502.831694252829 1.7539698796306511E31 93.0 
1.64214785334354752E17 1.0643149753191154E16 -46988.59704774479 -31743.088339131125 1.5558302627045296E30 94.0 
5.6684268156737424E16 -5.441907063301881E15 -403133.72092940763 87155.34735023564 1.7317206355251378E31 95.0 
-6.2816758084933456E16 -2.5721205591175896E16 283424.47110622516 68321.2000602654 5.915813164837215E30 96.0 
4.8566361746667312E16 4.1939491866439238E17 16733.357524152147 -9453.212217905795 4.309875201683531E30 97.0 
-5.1931323571980838E17 -2.7718775217463152E16 5763.74697135296 -15685.559418614703 1.903451836503408E31 98.0 
3.0066846266443379E17 7.9475134440630768E16 -8016.895118680596 -23484.28328601117 1.0772567639405613E31 99.0 
-8.0677051716243024E16 -3.3635603176933229E17 -16431.715718392148 15383.9629962575 2.592730776803098E30 100.0 
4.161918198735863E17 8.95869219429728E16 -3435.9292442452625 -18829.162052298987 1.8188146247962408E31 101.0 
-6.392961680536364E16 1.60249983706266592E17 42321.450802451596 -31173.569011786578 1.2265623610613062E31 102.0 
-9.2741931859829136E16 1.06216296925736208E17 20825.7146484328 -70508.45932246164 7.307948050948122E30 103.0 
1.44270722968835072E17 -1.55052792737238976E17 -38503.91900856318 4673.263779025255 5.104650876428234E30 104.0 
2.5025521600480004E16 -3.0650575225481832E16 -491179.9784222223 693480.2690882856 1.4354357465291428E31 105.0 
-2.01043332953545632E17 1.72232494263199264E17 -148.28673799040752 -29363.094995629035 1.8810318946723211E31 106.0 
-9.789804187276398E15 -2.12888744719423904E17 -23556.56377181751 30370.556282603688 1.3322884131171661E31 107.0 
1.20110188948892592E17 3.8631636622673235E15 -93009.18192646977 30142.676135708032 1.6897839048255842E31 108.0 
-6.7357632698673968E16 2.12895770426386944E17 -15191.283467975554 -32779.752151033535 5.52072785092789E30 109.0 
-1.20202563139775904E17 2.9240606129869916E16 92044.41434752446 11254.525741585378 1.0003303056997063E31 110.0 
2.810093882240026E15 1.69172193393792288E17 -29055.50661851397 -46005.64660431097 1.6471361376760516E31 111.0 
1.61838441593289696E17 -1.36950910166550784E17 -38772.814872431976 42.18383338545851 1.2954232817329871E31 112.0 
-6.3544643993186488E16 2.1351533441020024E16 291448.8199028292 -52757.09698898914 1.5509204909733113E31 113.0 
-5.2375392821414984E16 -3.2686046422747539E17 -17837.744766301963 15155.173318955965 1.920446716846364E31 114.0 
1.23026326464534016E17 -3.1500902462362502E17 14202.42028820642 18051.9148587582 1.0088421501595525E31 115.0 
-4.1706567630738214E17 -2.8332722608510648E16 8818.157630906331 -17213.220774335645 1.5387198360763294E31 116.0 
-2.3866552618059455E15 -1.08122369215054E13 2.329920384597871E8 1291847.8652055396 1.8180470973089097E30 117.0 
1.82336681782729952E17 9.9778051976066064E16 -14764.096376882435 -36983.663478712515 2.9949871772097245E30 118.0 
-1.4594593809880038E16 -1.3618834195547818E15 6158044.548380948 480776.1054065475 5.226327253777411E30 119.0 
9.43166704445748E16 -1.65406088740839776E17 -41095.93880729801 18784.76912700698 1.1504330943611459E31 120.0 
1.0086773291776202E15 -1.92379751295096064E17 26015.277289785172 36076.58826448076 8.545686193002018E30 121.0 
1.90990424059553184E17 9.6954474759284352E16 -37129.49269996953 9063.778534782548 1.4257572243570208E31 122.0 
-3.5870096157669508E16 2.61857745883547072E17 -19604.00030890154 -21893.638605266897 1.3578860042606146E31 123.0 
-1.58684769018654112E17 -1.4215055732148794E16 54716.22941888967 -24058.680016580234 1.8839086958937017E31 124.0 
1.46915032655420672E17 -1.26783546648986912E17 -43729.87950119556 3320.57564358694 1.1684424653165066E31 125.0 
5.8054610348646144E16 3.4711334190419776E17 17312.043375831934 -13721.62369601822 7.875034771575854E30 126.0 
-4.2142007931946024E16 -5.0582317914829165E17 -15647.580270822666 6522.050499051813 4.092493512230019E30 127.0 
-4.8947615077449606E17 -3.1366381681811661E17 -4836.901568506733 14843.044361550012 5.695675275904854E30 128.0 
-5.0768226181537744E16 -3.7297041019454656E17 19874.410426338694 6778.519662220959 8.350447514299241E29 129.0 
-2.3091860136504175E14 -2.51023926303078432E17 22986.77408563437 21084.156124236506 3.620910427898652E30 130.0 
3.0226587909035772E16 -8.1215030310358336E16 -98323.8658373704 152078.54627213595 1.656155271599265E31 131.0 
-1.4909547194400288E17 -3.975001495383996E16 46590.095980770326 43150.832283359334 1.9761615328861241E31 132.0 
-1.71588401893447648E17 -2.3670710496237285E15 44639.310436783446 28728.591096646633 5.988737225668196E30 133.0 
-4.1367305260258784E17 -1.8691585011467276E16 8527.580799330106 -17619.739953795335 6.727331012179609E30 134.0 
1.32594265170444288E17 7.0987013212077466E17 12854.939752062528 -4996.973921147397 2.299463335377829E30 135.0 
1.07211209735323696E17 -9.4422376260101312E16 -28768.079128087684 65918.90571693564 1.6610033593035595E31 136.0 
-1.6980837696812038E16 -4.7246326664506392E16 129761.71454767126 512736.7945984392 8.554893960689879E30 137.0 
9.7669648768360736E16 -1.10839918139526704E17 -62729.12533476917 25896.887689260024 6.898734006935794E30 138.0 
-1.17021770654407008E17 1.364913738357558E15 97393.2636066708 32572.624966925614 1.4413938509896532E30 139.0 
1.4152296318638824E17 1.8566988206866704E17 4174.0633341460725 -33855.74803402838 1.493837450672375E31 140.0 
1.34990804629283776E17 1.19490018839516048E17 -12721.460456112085 -47306.387109813 1.760067476222237E31 141.0 
2.9285483767150588E16 -3.4014378115302541E17 -20597.43967724939 9669.157854976753 9.176852531770499E29 142.0 
-3.9646092052425744E16 1.6223314626375632E16 690705.2281744635 -222695.68516757843 6.141983775587708E29 143.0 
2.07626318746087296E17 -8.535016358802936E16 -15168.428604212697 32525.693484529525 3.2608872299505124E29 144.0 
-9.1344469510969616E16 1.77926633950118336E17 38094.051535891434 -17789.43948234209 1.1072424365961655E31 145.0 
1.5397353836249314E16 -1.3200223895767492E16 -2502338.1918468913 2038832.203175799 3.0431117178881073E30 146.0 
2.2846929766374032E17 3.8511771752259216E16 -28404.653557241178 19349.576223188946 1.7015600655703625E31 147.0 
-6.0302434753272976E16 4.3614694445106645E15 358739.9093610969 -72863.48173964962 8.76789215515159E30 148.0 
-2.04784030510850208E17 -1.92933297492866432E17 27120.284795229218 -4284.460703390756 6.066784846472691E30 149.0 
-1.3478196383224784E16 2.1927870158734916E16 988101.9342975679 -1744412.9549313365 3.4583512132655596E30 150.0 
1.32546735691840592E17 -2.48315832209455936E17 11233.397480446794 25022.600156679357 1.1081598222184666E31 151.0 
-4.4497131794353496E16 1.11289061950655184E17 65282.78817898716 -73404.7512170995 7.743706123154957E30 152.0 
1.83729030829769472E17 -4.050611980432872E16 -30992.457186197207 34025.03744777981 4.4203614437972574E30 153.0 
1.1811603342139892E16 -1.36590771946262832E17 25750.43649878345 73038.02855218951 6.978663130680295E30 154.0 
-9.1116490381424944E16 -1.1028898783082208E16 161045.27710404716 -18804.76454443579 1.82831002773886E31 155.0 
5.379581423074788E16 -5.0907355798277544E16 -204720.13129474633 136075.01625134732 1.6842233208756086E31 156.0 
5.5654959112917453E17 1.01629600782452816E17 -1339.5619201901316 -15812.828721599442 8.578591308925962E30 157.0 
-1.09512936118496416E17 1.7877696091865E16 112009.18874919378 16756.41649108272 1.5509994538899702E31 158.0 
3.255567740846933E15 -1.69286388212223456E17 27094.954328685737 46851.627334894656 1.0126699544481364E31 159.0 
1.8526256624877864E16 -6.22313666080194E16 -46576.27347903796 314696.77524914796 1.0687478588275332E31 160.0 
2.79957186434095936E17 1.71525709543950432E17 -7.1164782894111625 -23594.8704356831 7.415886055193397E30 161.0 
2.78114081610423072E17 -4.2746846991018534E17 -16309.965182213085 -4507.417537992438 3.3768537350789875E30 162.0 
3.4075968057598624E17 -1.13091089378124992E17 -15870.604328284888 -14977.4740556088 5.30692796467641E30 163.0 
-5.639107829308009E15 2.2176643436988912E17 -23766.949548769695 -27638.31142530546 4.736386410067309E30 164.0 
-1.452990537983045E16 1.82335932874185472E17 30036.86690184444 -37497.74012571425 5.651356065296733E30 165.0 
1.8230752574565208E16 2.17310103410710944E17 -26926.657485596406 -25813.080416935987 1.7709507935673302E31 166.0 
3.7824571964330566E17 1.83444162428766144E17 976.0907242160752 -19274.440978536873 1.5552850272752893E31 167.0 
9.8239361988202544E16 -5.4813953102983904E16 -108430.79996947822 21166.984730305572 1.7924741222765504E31 168.0 
-2.4657288908297315E15 4.6232824400692152E16 86969.66087311202 -614808.5282148076 1.8169456200594452E31 169.0 
-1.29060578110871872E17 -9.8622717153678432E16 22627.139480703598 53271.44180189485 1.9369416666133218E31 170.0 
-4.6568838466650544E16 3.2595527368711488E17 21601.498913172327 -9307.253499416705 7.640341069842888E30 171.0 
-1.15746827359551872E17 -6.045643508461424E16 54274.49743734173 64305.720473301306 2.9037724201456536E29 172.0 
-2.9501129766693055E15 -1.4121319810419066E16 1398132.4542064727 6222955.924590832 8.921163050066943E30 173.0 
-3.2243624919570138E17 2.70345048622922624E17 -5653.782290498273 -18432.097408296355 1.1984400210132096E31 174.0 
5.6476974106987738E17 -2.9978028859557485E17 3878.866009059204 14249.952831479684 5.490908188598586E30 175.0 
-2.803692723539504E17 1.34193720661677232E17 3500.2276778555865 -24579.366783758982 1.5799538032863925E31 176.0 
-2.0987024062576532E16 4.2765863516308624E16 305261.5973469893 -501951.89989122277 3.2595486083346034E30 177.0 
-3.1688936230868186E17 6.4349138992404365E17 -11057.659955523239 -8328.5800035622 6.397557886678984E30 178.0 
-3.370982692677927E17 -9.9949885820150016E16 4791.704599489287 21687.088513930492 2.8080424411420394E30 179.0 
5.2978845509779288E16 -1.33610647133604208E17 4508.462695615237 70998.94382732078 6.073140724270529E30 180.0 
9.7198231357793424E16 5.8881035484692648E16 -70123.6575006521 -82749.08441526438 8.315503186840565E30 181.0 
1.40220266546188848E17 -2.9214396345496076E16 -69614.20144319658 -16523.858225545566 1.5262364003205477E31 182.0 
-1.41298597939017968E17 2.12526640037601216E17 30296.296569670358 -4380.582148380326 1.8892019408048601E31 183.0 
-2.1489655375067568E16 -7.1208049075927136E16 28909.299569870946 241953.5451065707 9.056738758081806E30 184.0 
-6.1317415284253005E17 -4.9271904834370224E16 4682.801100796288 -14356.168274978058 6.821653877101786E30 185.0 
-1.18882009604181024E17 -4.6056254215024832E17 17656.820075653523 1499.0736888452157 1.93391653835688E30 186.0 
9.2364787939907264E16 5.621645169458236E15 -152393.46299489605 -47360.386858082755 1.5306228334305887E30 187.0 
-6.3011225142917456E16 1.5562604068901976E16 295010.2204427728 -118988.36816957982 3.3100062500773157E28 188.0 
1.74502166450742976E17 -2.1481188996693728E17 6047.999693209069 27297.54425951291 1.7500830520002294E31 189.0 
2.01515312670717728E17 -2.05778739390949184E17 -26571.86967824793 -3555.8029824772284 1.0902942481892097E31 190.0 
7.878570130697856E15 -2.5933633157559568E17 -23237.332778473938 19081.326473577235 6.450023368511137E30 191.0 
1.54785412868829792E17 -6.2108257806385968E16 -33840.8727551556 43989.91863261188 4.8403880385066733E30 192.0 
5.205722827097224E16 3.554425575948297E17 -20489.315775807783 -7455.134814254644 1.4320542963001713E31 193.0 
5.3954652783336787E17 -2.6943001502618635E15 -4495.148392406515 15704.43463640501 1.25481415772867E31 194.0 
-4.3479095332640235E15 4.8956773830423856E16 -965.2621085848815 -552472.4104554835 3.442198881392128E29 195.0 
-8.0990885771953808E16 -1.13949684376025952E17 14211.440646085695 73153.31498183533 1.8974684469650212E31 196.0 
-2.58283629562884832E17 7.370728307162219E15 20559.500077386103 21994.137505072016 4.031275710379958E30 197.0 
1.98172827209901152E17 -9.6482306012673254E17 11091.878402303562 3678.519178474844 7.874906142389609E30 198.0 
3.0445580765088416E17 -1.0176672364132064E17 -5786.50850900305 23387.806498007136 2.7183991168284538E29 199.0 
-2.7166887425842692E16 -2.7027700070058516E16 599387.7508018216 679164.9685299656 6.603877683448201E30 200.0 
-2.0259574678778052E16 -2.35292904341863296E17 25739.337094901737 21647.48445964787 6.315140065479393E30 201.0 
1.6785115823517568E17 -1.6316786790736152E16 -43718.478228010215 32637.84637034759 1.9440847366496657E31 202.0 
-9.982397815933106E15 3.852567491470091E15 1.0855539135656755E7 -4069967.479867432 4.469693382345034E30 203.0 
3.612751191806846E15 -6.7725105896001096E16 -58887.68803615175 286575.83901188296 6.24512874002823E30 204.0 
2.71944228897878688E17 6.6687433558171354E17 11598.469734083968 -7500.261569438653 1.271418301839537E31 205.0 
-1.0304707211702628E16 1.43685884708913328E17 34877.023996359065 -61804.941032481765 4.669653915673676E30 206.0 
-1.7563206730327354E16 -3.9595173307207208E16 337504.4181987903 624137.0161650635 2.123686420990523E30 207.0 
7.8516044922511248E16 -2.26595486397624992E17 14650.893217758756 29541.608806194403 1.0085032288257299E31 208.0 
-1.15641846295879872E17 2.02771409541759136E17 32815.15147015656 -9361.712053793577 6.043222518212057E30 209.0 
4.3121818106393754E17 1.2005404882078426E16 -6660.530345359773 -17733.991069967644 1.5313013045903268E31 210.0 
-1.6689064420773896E16 6.055718688742932E16 45148.442185397216 -336565.35238306125 1.0530725115586054E31 211.0 
3.2477501134559856E16 -1.18332727457580944E17 8339.020910475161 93764.52495994842 5.002193970953609E30 212.0 
-3.5240240555701996E16 3.8102864872660976E16 371834.11553753575 -327540.213887041 1.1245534735627495E29 213.0 
2.0055502637310848E16 -2.1489776403823128E16 -1097122.559778163 1077226.717498105 1.7918853729740988E31 214.0 
9.4307021698536928E16 -9.211460711702288E15 -143411.9502169894 51500.35091784767 9.402481641018247E30 215.0 
-1.8949089395392036E16 -1.07491604679258419E18 -11086.435383811806 1346.71197396724 1.836069763112595E31 216.0 
-7.122596460451501E15 9.3977950250328848E16 -25870.7739085266 -151985.8522635991 9.18227903457873E30 217.0 
-5.179447293571868E16 3.0744450711872218E17 22618.523617018498 -10054.920429907144 6.299393538452647E30 218.0 
1.18668661571939184E17 -2.04312018754867776E17 8526.282209509434 32492.48257217241 2.806136169426011E30 219.0 
-1.17883159362184448E17 -2.86474908427950176E17 -13854.849508129995 20688.59439886335 1.0496942973369653E31 220.0 
5.679282234794039E15 -6.5179718604420816E16 -72000.01053961698 304741.98735324875 1.6871180138748117E31 221.0 
-6.253258254976034E15 -3.375238942894176E17 -19603.44267413065 12064.165029643247 2.5404353858465554E30 222.0 
5.0970068001719504E16 -6.38295005105879E15 -492712.86876880843 113116.00835498853 6.278080432835767E30 223.0 
-7.50127250176585E15 -1.26146336266842128E17 -27362.134770803474 84955.79693668197 1.8410918688418827E31 224.0 
3.0532554452865924E16 -2.6521679341439132E16 -650243.4541124686 488889.3463901205 7.342347358378634E30 225.0 
-6.7557370891988976E16 -1.30203750262307952E17 1731.0738980064034 68665.30986288689 1.7112797973867929E31 226.0 
-3.1666322534912396E16 5.6318756885703034E17 15545.336470738246 -3314.3448064479103 1.7848309457129242E30 227.0 
4.1651010219281984E17 5.989648163252402E14 -7615.919463791406 -17832.767855071972 1.3019217916425446E31 228.0 
4.2759812647835288E16 -2.019981189640232E17 -31292.492189756595 25262.052554471877 7.173513134687784E30 229.0 
4.63597823695637E14 4.456753314657853E15 -6668868.809561383 -6.5766646919742525E7 1.2328552236624785E31 230.0 
2.8442392526708532E16 4.848916514829392E16 -170732.21916591527 -386958.3030423439 1.0983900686451081E31 231.0 
8.0557816712886592E16 -7.262676037682582E15 -198422.50541119653 58497.212845612645 5.819496255785903E30 232.0 
-1.17803629708248592E17 2.62196163761321056E17 -12996.122229671018 -23492.782870696734 3.591761632101035E30 233.0 
-5.0914812478201024E16 -1.05832314406731776E17 11486.357075341475 101341.11404796624 3.2940106497318283E30 234.0 
-4.860547634456701E15 4.7433892282521395E17 -16544.87824467456 -6013.603437272232 9.872064719564202E30 235.0 
-5.2862057030949357E17 1.77561702244534816E17 8966.254133250339 13258.018150701922 1.2336151821014546E31 236.0 
1.88353538938569152E17 -4.0633966341568186E17 12823.96592990784 13256.351643448783 1.1182296800422398E31 237.0 
6.299925498590028E16 -4.3663342371569427E17 -18143.894717174815 4291.755248115477 1.9381992965599604E29 238.0 
8.089644869955568E16 -4.1367272768827832E16 -160687.116424449 39224.064848847185 1.6646181457789947E31 239.0 
-1.50244813789440064E17 -1.16089465409015706E18 -10432.484000234652 2329.619134600145 9.985615681980978E30 240.0 
-1.81062603029741984E17 1.29191290318306272E17 36067.72318937976 4290.638574504894 2.8458386836535397E30 241.0 
-3.8173466857464621E17 3.0354597863675533E17 -5885.575022778032 -16390.936168877703 1.6996806310324648E31 242.0 
-2.44317499037074784E17 -2.382722851828613E15 22438.549909558325 -23076.731439441995 2.4060365555310975E30 243.0 
-4.889163158175591E15 1.4974737586859468E16 1747864.8099217732 -5056432.655810518 8.207557446242609E30 244.0 
7.1644892344241331E17 7.2592083160845299E17 7218.759826735133 -8921.677791630138 9.938591162965783E30 245.0 
1.2561279415854482E16 4.2167256885431782E17 17489.28022583534 -7995.59188673016 1.469805507636954E31 246.0 
3.7937774970167368E16 -3.087394909884615E17 -22175.533803203347 11125.896614140289 6.130837552449606E30 247.0 
1.68554205750677184E17 4.555596566679716E15 -47467.59759752315 26642.35885049943 1.7525930923378E31 248.0 
9.6014292376381728E16 -7.2025145382341784E16 -53835.76324706175 81943.30184125502 4.6992209480340175E30 249.0 
3.8160289627799046E17 -1.00155742961736368E17 -12927.891230726416 -15564.967023970257 3.1390347147607913E30 250.0 
3.6226143205708568E16 1.32610023023414E17 -48515.10381037827 -59617.80419483101 1.7670113658698888E31 251.0 
2.7352028779865352E16 5.175755191390762E15 -1695283.0430878352 -250672.35746138336 1.6312732148561442E31 252.0 
2.5747028795324816E16 -2.06319326939271168E17 -28888.93387950534 27402.123274063648 9.626191339592182E30 253.0 
7.6066752912948656E16 -1.08490574985437456E17 -17511.38901128833 80150.67249927715 3.142419294309584E30 254.0 
2.9383707689819236E16 -3.9658216549358375E15 -1504421.3639856016 136727.3081729265 7.577953031909488E30 255.0 
-2.80483147867919232E17 3.4361552797372396E16 19607.72301219406 -14784.417671148483 1.4745996685179604E31 256.0 
2.26224695544410496E17 3.078102662982794E16 -28503.117379663618 20590.337815437524 1.1365712782343598E31 257.0 
3.4228251227565712E16 5.595527243717541E15 -1098815.9339868184 -117710.16779875569 1.985623146135701E31 258.0 
6.6296936403190192E16 -6.274491645330788E16 -89462.10699692111 137307.8288000144 6.774281748057302E30 259.0 
1.72894037573945632E17 -1.99198224511465888E17 4419.33724694019 29091.05786924919 4.781913514561768E30 260.0 
-4.787101977514166E15 1.38506787992592672E17 -28747.20668351879 -70772.34823780267 1.240190877134939E31 261.0 
1.09327407882475488E17 7.8981372340451904E16 -40812.00753502689 -68212.46295197777 7.68698837074685E30 262.0 
-2.4960410083313152E16 -1.28391249411630976E17 -16385.74287517737 82299.75609410644 3.152665083140022E30 263.0 
9.306133980115312E16 -1.5050062774672166E16 -141417.08648654693 61117.05398592305 1.702663615470631E31 264.0 
2.945490189109591E17 -8.5043860160996976E16 -19356.53324008694 -16059.694398802469 8.694127446067691E30 265.0 
-1.37937472767769248E17 3.8612097389734008E16 70470.02768520576 11938.053312255157 1.147372366777375E31 266.0 
2.02985010303219872E17 3.3755169949158892E16 -26786.36621012441 -30318.142109323897 4.2657294503167017E30 267.0 
-1.4669521426641632E17 4.50044959925516E16 65530.72215267887 12083.539474463281 9.503531311908301E30 268.0 
-7.4723957472018266E17 5.1080838224147232E16 3274.5804441788523 13116.065513801466 3.304496214568324E30 269.0 
5.696152069342072E14 -9.0707070284284992E16 -39193.71263034367 161131.4050956553 1.4483658367664145E31 270.0 
-5.054051955775276E14 4.7713316430827341E17 -16877.403994977107 -6003.965031725841 5.743496286831535E30 271.0 
-2.0888520084449078E15 1.0736891597967916E16 2226731.4988667388 -1.0868507603663677E7 1.7610736055458194E31 272.0 
-1.01974306400165216E17 -1.74659005279411552E17 -5716.919599823948 40984.66633164821 2.536181060464197E30 273.0 
1.31921004268511776E17 2.3393579287746044E16 -78375.50680346407 18011.298849840296 1.7435089103909788E31 274.0 
-2.27998153183423584E17 3.0485983603902196E16 21704.98363319541 -27133.4758853769 1.1837962931551488E31 275.0 
-2.353402492631105E15 2.9808478795469736E16 183390.67245458104 -1474772.658905791 1.5117890707595566E31 276.0 
2.10007229389799456E17 -1.40487200709897072E17 -30061.684600769484 -7464.403069073167 8.170588319018127E30 277.0 
-7.2868302219668896E16 3.0571781817368052E16 212028.62348418034 -44588.63526962945 1.3574602636841574E31 278.0 
-1.09823233920086112E17 8.9884213790420448E16 70353.14127227 -18121.712594604614 6.746281242299117E30 279.0 
3.1192186216114244E16 -1.5414027382905558E15 -1355887.4113255925 132412.43221187757 1.202945134082439E31 280.0 
-1.8466922097196976E16 -2.78518416129973792E17 22901.596218806506 15600.029495008055 1.8711950967171911E31 281.0 
-6.4105106837919795E17 1.48613672021577824E17 -212.68409397510288 -14525.772632081487 1.5015140192627177E31 282.0 
-2.5598685779498528E17 -2.0557587243816453E13 20249.236522187195 -22746.771175942034 6.829357727543642E30 283.0 
-2.097531791958345E15 4.0740679674646899E17 -18411.833948448155 -7408.033040490349 9.037425036889712E30 284.0 
-1.4110757081527106E16 -1.73588601577506592E17 31121.374440546944 41297.386961608165 4.009535030148129E30 285.0 
5.2637201013415696E16 5.1227218417004768E16 -205944.8040512054 -141374.51600084346 1.6823595862465785E31 286.0 
2.03388628083803936E17 -1.23013165657297296E17 -32367.83508919942 -8048.455027264563 2.7414069414452546E29 287.0 
1.3771761163445776E17 -8.1048383914578608E16 -59564.28808187055 1859.8521562688152 8.195182208783786E29 288.0 
-1.5215699786684284E16 -5.3868007844548144E16 68277.3458512432 421099.9474821844 1.9569129613365313E31 289.0 
9.7227016965260224E16 -3.0404586464642515E17 -23392.035765755045 6243.211752356196 1.0751088659751017E31 290.0 
3.0758072032836592E16 -1.6536090256550528E17 19052.218844058585 51399.35929657416 1.4833545027510477E31 291.0 
-5.7905771139611776E17 -1.46939729146895712E17 7283.144167396596 -13527.513197026425 4.2407630006026135E30 292.0 
-1.90812106664759296E17 -5.0781662080262963E17 -13045.885520357442 9732.555912523367 5.269709276161492E30 293.0 
-2.87437478940301664E17 -4.092870223076352E17 -10270.648832968298 13711.884987513036 4.901013024359555E30 294.0 
3.9237655088613112E16 -1.59422788625210368E17 -39500.77839076318 41043.28452136705 1.565745519436063E31 295.0 
3.9669611157945488E16 -6.153424655835148E16 -169913.30787707723 185114.06871381035 1.7380056211087437E31 296.0 
8.8125576641108992E16 -1.3290972492947776E17 -4826.671637194099 59511.87974680003 1.3331802497525213E31 297.0 
2.10430173986376E17 1.7483624830755984E16 -31830.286624893793 22395.862191841756 6.037864174840203E30 298.0 
4.0780595581599654E17 -8.5178286581270451E17 10045.82824942337 6463.614059751723 1.1713533296459915E31 299.0 
4.7250659930895456E17 2.3199851450894295E15 -5887.40579688626 -16779.918922885394 1.0562940127456602E31 300.0 
2.41086121302620224E17 4.1646750627653264E16 -25959.97045117865 19115.86447533948 1.7946758916243565E31 301.0 
5.860326783648504E16 4.3372524632587128E16 -175513.3737090431 -182944.45228155894 1.7986029327723944E31 302.0 
-1.343558596168577E16 -2.6703239076098408E16 608262.9291474991 1356832.06992842 1.5513289222168136E31 303.0 
-1.44946535699531328E17 4.5343821110139544E16 44262.04818226236 -45840.21927071408 1.4008353895349855E31 304.0 
-2.7086077896976356E16 9.499671155086304E16 72586.00182224013 -120835.49231132132 9.523695964505632E29 305.0 
-2.404115990374908E15 -1.5185041284678622E15 1.3866330981743547E8 8.784083938596648E7 4.3142417268711176E30 306.0 
-3.8537919144935712E17 -2.4581581299709464E16 7712.635965759134 19072.319731209398 2.070574197558315E30 307.0 
3.8914867729902656E17 6.1062339197569448E16 -11301.542307237614 16804.048848361737 1.873320308383821E31 308.0 
6.8295451266195123E17 1.03457348091217072E17 -683.0545456580797 -14122.500395386416 1.5908183077014986E31 309.0 
-1.807530340146218E16 1.46083371837890816E17 -22152.761937703435 -64571.12743779857 1.3145820249510167E31 310.0 
-4.0178121062705205E15 4.585919307269656E15 2.3417483853329197E7 -2.6951494559768178E7 1.8866018536200511E31 311.0 
-1.39503266145768624E17 -7.1256233791541798E17 -12779.678871456172 5075.809524878965 1.0240219077239417E30 312.0 
5.0090736038568742E17 -1.86741495236403168E17 -9866.541097255864 -13132.133322455376 6.828545475954923E30 313.0 
-1.47207906841190848E17 -3.6033733956387256E16 62859.677864828416 -15658.402543232038 1.3457547668050306E31 314.0 
-8.905149571301009E14 9.3630558507702912E16 -36235.96664568317 -152058.88685592706 9.625862882169724E30 315.0 
3.4474605641925788E16 -3.3161988078408108E16 -381632.7982733442 440301.9168976085 6.716538001374092E30 316.0 
8.06949863312648E15 -3.7006027344124235E15 -1.5258750342759205E7 7134893.612869975 1.9224109521906465E31 317.0 
6.8103655033964557E17 -8.5029143713426976E16 -1080.925594909066 14147.628425448629 1.133788819187163E31 318.0 
5.59229495914712E16 -4.5325916038982816E16 -226177.6519324268 128386.38398452266 1.8205209458535591E31 319.0 
9.299673915646529E14 8.007980163866461E15 -2484147.502738878 -2.0270095255692057E7 3.5168103444259034E30 320.0 
8.0772805772443328E16 6.1837212360555176E16 -79915.43930736155 -106746.53285421662 7.157259135919699E30 321.0 
-7.1484374728444376E16 1.93590453079025856E17 34598.99375613787 -20496.49319197879 1.9770076165051738E30 322.0 
-1.72642752578224064E17 1.59735665531200224E17 33773.94108038302 1113.3719599331139 1.8283485906348146E31 323.0 
2.6799365111914788E16 -1.55826129847045536E17 19585.789623917113 57242.46468216941 2.7765691818362577E30 324.0 
-5.894510933385584E16 -4.3592679461266745E15 375429.78039900097 75416.6148440337 1.2608494758731298E30 325.0 
2.18356429421910592E17 7.92672145540263E15 -27042.224781608213 -25671.20680703246 7.826322746675967E30 326.0 
4.1726604657336392E16 -1.08953776124842992E17 -3435.569736320025 103194.74993367922 2.3950627346974565E29 327.0 
1.24815084202943456E17 3.6702431588887736E16 -84299.1392505303 8427.77442927432 1.9016695166919617E30 328.0 
-3.3872398107039328E16 -9.6971048518527632E16 75470.50941156512 107004.22768192312 1.2231980938285123E31 329.0 
-1.52253869613129248E17 -1.07920926761310816E17 15729.094840150281 44039.01399924204 1.1238499482694757E31 330.0 
4.3306578545398152E16 -6.9480121233094928E16 -70666.56955080287 189567.9263343913 7.061309656977379E30 331.0 
1.0172821444623288E17 5.303105877707099E15 -125952.89443693767 -42873.29862762778 5.97935831250704E30 332.0 
-8.2669102894147533E17 -1.203091782682528E18 -7503.357920043953 5913.429839819353 1.2609704327354094E31 333.0 
1.8964992157386312E15 -4.3903516498698733E17 17351.821166690956 6978.480230983927 1.9789110836687477E31 334.0 
-4.5108916308754976E16 8.612731869610636E15 628449.289602152 -65188.80470503373 7.182772921369637E30 335.0 
2.10013503843231712E17 7.804284350544023E15 -29925.10604098854 -25569.38682144318 7.547751997012176E30 336.0 
1.540281676851088E17 -1.22501239175791408E17 -10818.735429674061 41638.26304461464 7.064704337025031E30 337.0 
9.410549585881355E14 -7.5541663922930624E16 -44719.68536651283 232200.3294614396 1.4360574069359204E31 338.0 
-5.636200535471914E15 -3.2222191442932813E17 20509.037817042863 12450.522470209422 8.26761469247733E30 339.0 
3.6345009244745728E16 -2.4722785447927592E16 -537288.9189098764 431753.52337095974 7.39235395979106E30 340.0 
5.108584523390371E15 -1.02437463703492032E17 -42199.61327282112 124360.61867738861 1.988180255631417E31 341.0 
-3.7570969663149585E15 1.72896421605442432E17 28821.04306284605 -44009.36915086667 1.341151159126241E31 342.0 
-1.59118641104251328E17 -1.9519417021330016E17 31042.99944839592 1756.4643632135555 1.3782456150556766E30 343.0 
2.7007428125076415E15 3.7318942308810528E16 -9114.942737083908 -949855.388050117 1.204714064858876E31 344.0 
-1.4332628752127928E16 -2.2378217429437616E17 -22556.593162316363 27970.15061715459 1.658370753589499E31 345.0 
4.833962456455899E15 1.21353884754352154E18 10451.79622255503 -945.09945522853 1.2407911103618687E31 346.0 
1.7394813466438844E16 -1.6960191215606704E17 23096.960355333456 48355.31669062898 3.93837703150622E30 347.0 
-7.4276829071024992E16 5.1932632306618696E16 154409.712301843 -61025.935931837914 2.1994210296463183E30 348.0 
-3.0002374745113958E17 -1.5093231598937962E16 15735.89491129391 -20340.802266324972 1.6499645311297808E31 349.0 
-1.02029261587841856E17 -1.33728733813289536E17 6185.2172296215585 54392.388239049105 1.4630408221143149E31 350.0 
1.69187811220418656E17 -5.622569576838411E15 -47197.862097653335 -26510.425701948163 1.7049944189099195E31 351.0 
-1.6334939476477975E15 1.64650341803641984E17 29004.723046775125 -48431.03690411465 1.1112990662058488E31 352.0 
-1.02783956698094624E17 -4.865806425407872E15 127053.79271015758 -29929.897735751634 9.732926201279987E30 353.0 
-2.1424376544901824E16 1.21888497974107776E17 47294.02123297355 -79716.84286786037 8.245072410110005E30 354.0 
-3.6709095974840032E16 1.0298239183321698E16 863273.5049057307 -303403.98378430353 1.7530799275414066E31 355.0 
2.2295613937905572E16 -9.6231313707929552E16 4976.29425512802 140904.3912721869 7.260395072480726E30 356.0 
7.2345435363961382E17 1.946149609598085E15 -2580.7517805949547 13535.295567115902 1.290673261233045E31 357.0 
-7.0868506035417816E16 5.8892541431651856E16 144487.31967983767 -70838.13177309865 1.6544852194752023E31 358.0 
-1.5218408815173552E17 8.595592261987368E16 51478.361931262494 2575.0669629425247 1.392609451209091E31 359.0 
3.2723689670069466E17 1.82756934040866944E17 -17437.590750288375 11797.395191012904 1.073107903231119E31 360.0 
-1.5763613146314818E15 4.9975598481111928E16 -34601.78654463728 -533264.8448775305 1.8114653909324106E31 361.0 
-1.3763700852106416E16 7.001634657127502E15 4919169.913320044 -2606417.0170074212 6.1571460088629225E29 362.0 
-1.66141006173360768E17 2.32885879955145056E17 26979.850936230996 -733.8374978824962 7.051388596852511E30 363.0 
-1.8736119175011068E16 6.5930549918660696E16 35002.657768130455 -284096.9486561702 4.169896011227187E30 364.0 
-2.8944735341142604E16 6.8352106220086168E16 132985.256120381 -205450.7521507323 1.5818951418132958E31 365.0 
4.320169140977207E17 8.053166930586112E16 -3624.9015162021706 -18333.025034231738 1.749151361061774E31 366.0 
-5.6752945925318312E16 -1.48487513359535904E17 -8202.426269852214 59441.10866294747 6.025216440636606E30 367.0 
8.930711093194202E15 -5.3078728522088552E16 -27070.290835715314 460025.11705521814 7.717846980280417E30 368.0 
-4.376443230998227E14 2.1373558917081648E16 138291.4390592261 -2902098.70301834 1.4443208715786808E31 369.0 
7.549976263575306E15 -2.795635613988844E15 -1.9151677455832694E7 7220676.323568581 6.760330844830767E30 370.0 
6.7738631387902112E16 -2.112453459814504E16 -264740.98204412387 37002.49682328945 6.11558907406509E30 371.0 
1.10935615029654496E17 -2.280743605868924E16 -108401.4339122237 -12496.093262086308 1.1291246318429576E31 372.0 
-5.5479250260251504E16 9.0709814704182048E16 31173.455052327503 -118727.07267445159 1.166769768267049E31 373.0 
8.483718740120973E15 4.225125501449589E15 -1.327910213710646E7 -6481103.668763022 1.1636852031032562E31 374.0 
-2.11392981565364064E17 1.5495834952179152E17 2332.695796584128 -29562.933690633945 9.629425051368933E30 375.0 
-3.5220276080733306E17 2.9116194095719181E17 15760.250912114354 9074.00076058146 1.4779238623972944E30 376.0 
1.02855454661016154E18 8.157606507220048E16 -2142.457404177574 11204.291173907912 1.595268445422731E31 377.0 
-3.4330751478267915E15 4.0951953195368378E17 -17391.299662535956 -8879.42785769267 7.522678905796901E30 378.0 
-6.4933892599539248E16 2.0903051151258208E16 289796.603657715 -43901.86535299378 9.7266667369378E30 379.0 
-1.3608077753298967E18 1.4911542108313758E16 826.5901714664458 9864.797096538812 1.5872825998261415E31 380.0 
-5.8571912082756256E16 2.5536219541929976E16 315991.3757365843 -88434.31921518708 1.413541349131531E31 381.0 
-4.5668935438835187E17 4.8252725289212288E16 4489.886476632835 -17564.103000185685 1.746972004152624E31 382.0 
-2.5338120009158036E16 -4.981800899702108E16 149438.9219990707 400871.71287349076 1.5785397406939894E31 383.0 
-7.1747924705373624E16 1.8699876889269235E15 258067.16367040836 37447.454059296346 1.9169625037329962E31 384.0 
1.00789074259154656E17 2.2594520939760924E16 -129304.35547248811 7696.47966992607 7.74941433337727E30 385.0 
2.4763066609950216E16 1.9389660003004728E16 -1096551.257161463 -776514.2961888189 1.2205364271295442E31 386.0 
2.51336807224895904E17 -9.8270595299767744E16 -8931.32386680179 27303.3105062567 1.5478472468435842E30 387.0 
1.1749086454940216E14 -3.3348470716395716E16 57821.5539599881 1198291.487454976 1.9445709251123498E31 388.0 
-1.65919647557647712E17 1.20473614135359712E17 10640.424767033646 -39143.459231491484 1.986113624436276E30 389.0 
-1.31324904336707008E17 -6.427597057655415E17 -13313.208296012688 5875.809813085176 1.5769215134929655E31 390.0 
2.3088549070267135E15 8.7470905544886928E16 34273.044672386066 -174334.20685635475 1.864296044614561E31 391.0 
5.9290940117455056E16 8.3353349889420048E16 -102893.14361198235 -82587.02762442769 2.2348114917690078E30 392.0 
-1.7409520290892546E16 4.7845370520543398E17 16898.76408968948 -5214.192675608384 2.083278924237356E30 393.0 
1.9660001888642812E16 5.6344476359876624E16 -167303.20777389352 -336456.21114849654 7.844941043825949E30 394.0 
-1.54818055023282176E17 -3.8262474842739552E17 19550.14025071888 512.2992498646879 7.294811837478895E30 395.0 
-8.6835589176945E15 -1.82483837497425504E17 28799.991407543228 38487.853433246884 1.711131651041712E31 396.0 
-1.55017563910544704E17 -1.31398663101282224E17 41135.74397007832 1279.6050533358562 1.5928174784831827E31 397.0 
7.1559868084950528E16 2.4716536061708528E16 -232132.73284582648 -35898.21973236182 1.1711298260243716E31 398.0 
-7.7062318491298752E16 6.2302221785417408E17 14838.502407164178 -1567.2362084391605 1.6578343511168714E31 399.0 
1.15061725409794336E17 -7.1676987927501032E16 -44854.87618052051 64783.02783422978 3.897795841018675E30 400.0 
5.5575477396347784E16 -4.0924830234561504E16 -250272.20478699764 129429.88416141721 1.7475875882917714E31 401.0 
1.462884793993528E17 8.7502206343060902E17 11782.239391916492 -3683.914067495266 1.115954156488897E29 402.0 
-2.5304723929891803E14 3.1842775847294803E17 20425.73188419688 -13102.34473372337 4.1803512905398803E30 403.0 
2.23051063035578944E17 -4.531919863330215E14 -26695.73475687058 24552.094302187797 1.474892658095298E31 404.0 
1.7121637105342702E16 4.4013769229706944E17 -17620.40248148335 -6207.246779313084 1.1986172061659238E31 405.0 
-2.9110927144629914E17 -3.7187785698757592E16 12600.352460266517 23096.95694614003 3.187580557408199E30 406.0 
2.74328851437893728E17 3.3558424154466982E17 -18025.065584450633 5590.174329952608 7.467457177719579E30 407.0 
-1.52104873165961952E17 -1.00569374165116016E17 48221.763918760495 -590.5050885961546 1.8525891841877871E31 408.0 
8.0005665997086704E16 1.152404140736764E17 -63747.65086309857 -37930.80308296031 5.286286315293678E30 409.0 
2.52713279959637664E17 2.56680539191998848E17 6484.669067512377 -20772.371849456846 5.173065421226943E27 410.0 
1.04232698473729933E18 -9.450402694867136E16 -193.26974414711768 11322.719682997482 1.8545277497806712E31 411.0 
3.5990961628045116E16 2.400169986701085E15 -1014400.3716521711 -128072.63237405437 1.414238242040634E31 412.0 
2.03867062984744224E17 2.622096248753236E16 -34433.86214889992 21155.63220402707 8.623231569880511E30 413.0 
1.16927160093974432E17 -4.653823722157824E16 -65960.31196117407 61212.806134038925 3.876080285147988E29 414.0 
6.1856395104574016E17 -2.03088804358800256E17 1470.0020787940566 14542.766103861284 4.4468408637591627E30 415.0 
-4.625489677632976E16 -6.9805571106578816E16 71464.17707808052 179796.60018349657 1.846890403523682E30 416.0 
-1.49075477668604416E17 -1.39982832676368992E17 40557.691380036114 3288.452589233537 1.4827060612381933E31 417.0 
-1.025417009886808E17 2.12434848411080384E17 31732.359870176802 -11222.117616557953 1.4383618113027108E31 418.0 
7.4272948009873888E16 -5.9338053177000352E16 -91579.41248438676 120918.2406190417 1.2881596680880218E31 419.0 
1.57564894159869888E17 -2.24983031699773472E17 -28093.17834882161 1846.29587505486 4.4363484872036E29 420.0 
-3.0428719223559034E17 -2.3820494775450556E16 12665.484922010935 22008.321079866953 1.5700078947736636E31 421.0 
-7.6490155611075424E16 3.8027099521721344E17 19881.313202636436 -5023.785530958084 7.997847592978199E30 422.0 
-7.6735423653828448E16 5.5292391398819552E16 98796.82915669572 -117137.66233284998 4.026235696071511E30 423.0 
7.648909196756888E16 8.7717234819518432E16 -89879.23247674968 -51752.33657681671 9.536652565507525E30 424.0 
8.9194710777173424E16 -2.7735612455474896E17 -25090.60243596611 8385.073641953757 1.7990549623157171E31 425.0 
-1.43757215626527968E17 -1.7901075608259632E17 34537.924253378296 4624.674035859416 3.886185711957095E30 426.0 
-6.9742369945635608E16 3.0244503921493094E17 23269.924296642545 -8801.097587928034 3.772645746558393E30 427.0 
1.36306798788399008E17 -7.6256197336454E16 -61777.556286432184 1154.6103144569088 1.1141458171426318E31 428.0 
7.048031618831076E16 -7.303631371331672E16 -115552.40316264557 67751.488938614 1.40080610978777E31 429.0 
-2.9400301709636115E17 4.2657538636242144E17 -10363.203816616702 -13161.334412153617 5.678089606786778E30 430.0 
-2.44093348940906944E17 -1.5629691470937056E16 20659.592422873666 24693.257902742647 2.5026356315810046E30 431.0 
3.6750881498141176E16 -9.1032309577503264E16 -17554.459185261592 141626.4285402167 8.767508207834073E30 432.0 
-3.3630567669175488E17 5.2296028178274086E17 -10423.98107227898 -10795.247628979147 1.2670009772971832E31 433.0 
1.17104057764462416E17 9.4193520880853328E16 -27206.341092693954 -60054.59690690224 1.5456491618171022E31 434.0 
2.3801949920067245E15 1.5706051617431602E15 -1.36102913585672E8 -9.006674276776621E7 2.011592144444815E30 435.0 
2.313846104086182E16 -1.42545867321552432E17 -40242.10031683262 58087.66761886322 1.2670380964480046E31 436.0 
-4.736303271096493E15 -5.328367157956436E16 90626.83266153009 457666.9267045772 5.2611655726402214E29 437.0 
-4.1852510168402776E16 1.17205825598270144E17 59565.340527238506 -69890.45708557649 7.226688520235524E30 438.0 
-1.15547467490051405E18 1.605316536938952E17 2435.7795516479905 10427.711997955072 2.4843607168649204E30 439.0 
-2.8044840364337608E16 2.25277367575372736E17 -20792.83247250118 -28595.29426634314 1.6186454666885227E31 440.0 
-2.9169245904991432E16 1.95237443874716736E17 -20580.8098343613 -37575.486788939 1.4883006956996328E31 441.0 
-2.35161074311071456E17 1.30552593917024752E17 5293.2715819575715 -28332.610670849073 5.520766890427442E30 442.0 
1.4514900710662954E16 4.0736839365182312E16 -290638.15697812964 -649984.10404278 7.586399149334817E30 443.0 
-2.80007487091015968E17 3.5091486450088456E16 6801.653914072684 -34460.37699338664 1.1889168229374685E31 444.0 
2.2880151410987556E16 -2.8929973598346214E17 -22565.51558404033 14059.421535943784 1.8876995504659174E29 445.0 
-2.6726309903931248E16 3.0317186669148116E16 580451.674137851 -572127.0893925292 5.369543565701012E30 446.0 
1.24260271623882086E18 6.1338147635064088E16 -1368.1457642387784 10271.177198913083 1.597361422573553E31 447.0 
-4.3693083680426989E17 8.3567066041368928E16 3382.473260999857 -18242.498729094415 7.523232019086244E30 448.0 
-1.00829686512210336E17 1.38686713042301904E17 49076.665587579075 -20198.08311607955 1.1928547965028527E31 449.0 
1.45403527804073056E17 -1.2680932700325588E16 -64742.44145925878 -24613.661241411824 8.533374096268672E30 450.0 
1.86985873350407296E17 1.7184631952737938E16 -35098.372553771995 -29943.05587148096 1.8742858861390504E31 451.0 
3.0757061354330963E17 1.41608986631880672E17 -2251.8592473267795 -22832.054046130674 1.9173296239709866E31 452.0 
-3.6397024811406816E17 1.525988280006137E15 9976.406182060677 -19136.362673328775 9.592130240938581E30 453.0 
-3.532261288804307E15 -2.1770936627225796E16 360658.63970415766 2705743.6080330205 1.186404515088532E31 454.0 
9.468617040621604E15 1.746963556370163E16 -1674563.8654050152 -2917289.3458329425 1.576066800290063E31 455.0 
-1.27259666326337808E17 1.2967973938563284E16 77523.96500579693 -40217.94491101946 3.682281209149329E30 456.0 
-2.0235938903933252E16 1.7874079956798052E16 1411182.8074278503 -1152764.2005571998 1.3549264118903734E31 457.0 
-2.3760498570880476E16 -1.84627084998678144E17 31461.768526411306 34637.0268651994 1.7775957772413128E31 458.0 
1.47409950210329184E17 7.0759388030771672E16 -32482.23428744897 -47203.75635130109 1.9309593809347924E31 459.0 
-9.743039957461726E15 -3.6930285247937745E15 1.139151961747112E7 4438972.543374821 1.9573570289079026E30 460.0 
-1.60663159779906816E17 1.34028182201201344E17 7179.246116090302 -38769.89814634972 2.1507665132392514E30 461.0 
-7.3007317511595488E16 3.7106422436579245E15 247461.8640344389 -57151.140471876715 9.797494924718375E30 462.0 
1.13882206024259568E17 5.831107943459912E16 -57606.13379111399 -65678.65332692344 1.0636329603341863E31 463.0 
-3.778847260290308E16 -1.53552845337970464E17 -15412.57625830931 58507.94506877138 7.244456301906557E30 464.0 
-3.129656479961415E17 -2.39298656464744256E17 17954.69665522855 -9373.973126152101 4.925871285085191E30 465.0 
7.866401820294451E14 1.3292886195476262E16 -542379.437920238 -7466607.556088613 4.396488625651783E30 466.0 
1.99539429846788608E17 4.662449201445516E16 -25017.85977689866 -32056.600866311754 1.2887226634231818E31 467.0 
-1.48137152608546784E17 -5.4877228482024312E16 59979.89389722322 -8606.988731091446 1.231403339569883E31 468.0 
1.00258472883287456E17 5.4420304328883056E16 -106070.04319607725 -18625.549210403253 9.855438313486328E30 469.0 
3.3480589871255571E17 -9.4614047721176208E16 -15882.05618258649 -15812.54811799026 1.7826612595528157E31 470.0 
3.417986042234051E14 -4.0236779419918752E16 50451.506310548786 820544.6776126449 7.228443409282346E30 471.0 
3.810365974145886E14 -2.0759263370674848E16 -136882.67040373423 3076782.1702237143 5.285094811776202E30 472.0 
-1.46422185905053728E17 -2.271572806082245E15 61440.689870002636 31031.05767576087 8.087441761250855E30 473.0 
-1.73905095555529504E17 -9.2166202982734464E16 18222.48674876303 39020.66895037247 8.416763701788196E30 474.0 
-1.25692761718217168E17 8.44683447118204E16 31536.763728936083 -56889.833694131645 1.836262718542819E31 475.0 
3.856816786973149E13 -3.3001420077150328E16 84693.95046400701 1118922.7660198673 8.957821179952952E29 476.0 
6.62250527789678E16 -2.6260017550724176E16 -227600.60706220975 136241.39194352558 3.415958810666884E30 477.0 
-4.4080866884279608E16 1.67192439032563104E17 -15440.372284129811 -50039.36079144956 1.3625447397136096E31 478.0 
-1.2588111151202416E17 2.4046296897914816E16 85564.87601080701 16495.737804133896 4.135277387963914E30 479.0 
4.583463622278128E15 -3.0218239247757275E15 -3.6677523730920434E7 2.4368378046066526E7 8.27725242736875E29 480.0 
4.4519254235326184E16 2.39219482432328064E17 18826.536943540348 -26355.681087959056 5.84170197461634E30 481.0 
4.6685212839641856E17 -2.19619863879113728E17 2304.4206238141132 16641.86776405986 1.7388304553259709E30 482.0 
-3.5218749303137328E16 -4.9990529057615334E17 -15883.356397470683 6409.633597168279 5.849025985377957E30 483.0 
-3.913901883198844E15 7.886952696075148E14 8.158338284405965E7 -1.6624946295304947E7 8.000464621732187E30 484.0 
9.367632852967368E16 4.289947145693692E16 -98779.94706250663 -84710.62567142305 1.3556964333682813E31 485.0 
1.02022222387303344E17 -1.24423404761795168E17 -54783.35745879496 21511.772544796033 5.789707430673209E30 486.0 
3.6664923985993368E16 -1.1370487851821948E15 -988256.7638340174 -28477.180248869132 9.887345745686282E30 487.0 
-5.4427092402126152E16 -1.33307009035318928E17 -3923.2391087142564 70768.15283373334 4.4660616075791286E29 488.0 
-1.756928245281388E16 -3.6516139573492109E17 -18546.790581592555 10865.961550231814 4.4210946027175877E30 489.0 
4.4350889830783443E17 1.4786785390345632E16 -7395.605603723668 17040.525166335217 3.8318997629787724E30 490.0 
4.4975869722897272E16 1.2562501844397302E15 -654440.8983633242 -71651.81277125917 1.5684708581254967E31 491.0 
-4.66308192500278E16 -1.2380629815029198E16 564642.609718398 95712.25212210152 1.5361267092688578E31 492.0 
-3.6688626008336215E15 -2.07164383248685344E17 -24850.95596647694 31343.73867093615 6.414272379653112E30 493.0 
6.5221429998584806E17 4.5682305597892048E16 -4099.611749066695 13993.181519633907 1.1409417516655987E31 494.0 
-5.5472599717839014E17 -1.6383542797686318E16 3870.1927243545897 15578.955283813384 1.6847201786310278E30 495.0 
3.4790811490646908E16 1.1345972767122088E16 -961207.9386490729 -250775.9231976352 9.838782896306536E30 496.0 
-1.05801242852892688E17 -4.7846553466752851E17 17262.622747351856 1859.382148938525 1.878262305541763E31 497.0 
1.0508971130790144E17 1.62642783131169824E17 2754.155330033958 -43981.55682627262 9.612044033779476E29 498.0 
-2.71407323359630688E17 -2.7731438664047568E17 19392.99524912374 -6619.958602968975 1.1973282851799495E31 499.0 
-1.6548286425623794E16 -1.15889087965155488E17 -19549.850944311933 100668.31671856015 2.5314083125981287E29 500.0 
1.51391824319312384E17 5.095313505476072E15 -58813.23758361728 27581.965777315545 5.52259459200292E30 501.0 
6.1598180290156872E16 -3.0731237494883416E16 -230766.44739852482 160538.03324700965 1.972132456437503E31 502.0 
2.2797186097092848E17 2.30722019262096512E17 -23267.58085040904 5219.518224514515 5.388781013225407E30 503.0 
1.55233341211606144E17 1.18644985007177616E17 -11865.225763706745 -41864.900017616485 1.4601854272461064E31 504.0 
-5.5325572520703296E16 3.4379887805754726E17 -17517.655432618845 -13944.100831538479 8.142207000393069E30 505.0 
1.720881293885776E16 -2.0633875149033408E15 -4376455.620682213 612981.5368407588 4.713758999155889E29 506.0 
3.0494787388381542E17 4.871334737793123E15 -13962.643727923281 -21084.337670880897 1.6916253410635008E30 507.0 
1.22214096578201728E17 -2.417318422766138E15 -89649.75511374732 -31097.817817548996 2.57991535940956E30 508.0 
7.3866501362928864E16 4.0253880143485216E17 -19154.25460569319 -4562.702768462949 3.176094689784206E30 509.0 
8.139436621319454E15 8.0212273632177952E16 19606.671566792975 -207252.9114850064 7.335560055832783E30 510.0 
-2.613447399276928E17 -4.1587527768384488E16 22258.728435571484 -19104.31220630776 4.8788598992662026E30 511.0 
